   6
  20   25  620  756  767  984 
   4   10    1    7    2    2 
   6
 359  379  548  564  741  918 
   2    9    8    2    9    2 
   6
  15  194  262  510  730  974 
   9    7    1    8    6    8 
   6
 333  341  496  502  729  920 
  10    3   10    1    3    2 
   6
  18  484  505  585  614  984 
   1    9    3    5    5    8 
   6
  16  327  388  404  465  646 
  10    7    3    4    7    2 
   6
  69  112  207  489  535  549 
   3    2    4    2    7    3 
   6
 174  384  738  751  842  893 
   6    3    4    4    1    2 
   6
  33  229  244  772  974  989 
   5    5    7    4    4    7 
   6
 107  151  194  269  456  797 
   1    7   10    3    2    7 
   6
 211  403  519  549  698  897 
   2    3    6    1    3    6 
   6
 172  685  694  822  923  964 
   3    9    7    2    6   10 
   6
  60  250  470  752  833  967 
   4    6   10   10    8    4 
   6
 814  908  926  929  939  993 
   5    2    1    9    8   10 
   6
   3  416  439  516  637  872 
   9    8    2    9    1    2 
   6
   6  173  416  600  667  954 
  10   10    5    6    5    3 
   6
  67  656  686  723  872  941 
   8    1    7    5   10    6 
   6
   5   95  259  432  533  906 
   1    8    1    1   10    9 
   6
 420  704  716  915  986  999 
   5    7    3    2    3    3 
   6
   1  231  435  440  804  846 
   4    8    6    4    9    2 
   6
 205  360  452  456  747  919 
   7    7    6    8    2    8 
   6
 258  391  603  621  759  788 
   5    8    3    9    1    7 
   6
 454  630  688  847  988  992 
   5    1    6    2    8    9 
   6
 143  211  539  570  633  639 
   6    9    5   10    2    8 
   6
   1   71  221  387  532  820 
  10    4    5   10    1    2 
   6
 210  734  735  737  745  813 
   4    7   10    8    4    4 
   6
  46   69  159  256  741  754 
   4    8   10    1    6    8 
   6
 510  647  662  709  750  972 
   9    6    8    6    4    5 
   6
  86  105  111  374  405  441 
  10    7    3    6    8    5 
   6
  47  127  504  599  601  853 
   2    1    1    7    3    6 
   6
 310  406  567  811  875  987 
   3    6    9    1    1    4 
   6
  75  425  448  542  562  753 
   5    6    4    4    7   10 
   6
   9  130  598  763  798  895 
   5    8    2    9    6   10 
   6
 239  400  420  542  658  832 
   6    3    4    7    6    2 
   6
  62  137  304  363  716  911 
  10    9    5    7    8   10 
   6
 194  305  405  777  786  877 
   8    4    4    1   10    3 
   6
 306  583  623  695  753  898 
   9    4    7    1    6    6 
   6
  89  116  137  209  307  732 
   9    4    1    2    7    4 
   6
 549  709  723  724  817  988 
   7    2    2    2    7    7 
   6
  48  133  241  512  681  770 
   6    3    2    4    6    2 
   6
 295  367  421  554  750  928 
   2    9   10    5    3    5 
   6
 132  315  590  594  654  768 
   7    7    6    3   10    1 
   6
  50  161  779  874  915  926 
   2   10    9    7   10    8 
   6
  78  254  537  558  768  795 
   3    9    7    8    1    7 
   6
 192  277  373  536  539  814 
   3    2    8    1    4    9 
   6
  27  462  661  851  878  883 
   4    7    9    7   10    6 
   6
  30  117  170  225  227  701 
   2    7    2    3    2    3 
   6
  40  132  135  245  599  854 
   6    2    2    7    8    4 
   6
  76  152  438  680  724  928 
   3    2    4    9    7    6 
   6
  43  147  316  325  436  676 
   2    6    1    8    1    5 
   6
 147  165  443  458  624  938 
   5    6    4    4    8    9 
   6
 235  393  411  665  957  960 
   2   10    4    8    6   10 
   6
 321  502  515  520  623  798 
   8    5   10    1    8    7 
   6
 339  448  569  615  841  896 
   2    3   10    9    5    5 
   6
 138  551  625  744  895  950 
   3    3    9    6    1    4 
   6
 138  207  248  553  599  883 
   8    7    5    1    7    5 
   6
 100  137  619  639  735  969 
   6    9    8    6    4    7 
   6
 104  273  372  552  682  977 
  10    5    8    6    1    9 
   6
 446  498  607  631  650  906 
   7    2    8    9    9   10 
   6
  13   91   98  670  781  883 
   4    3    9    1    2    4 
   6
  81  149  513  931  941  999 
   3    3    9    2    1    2 
   6
  35  189  234  344  404  934 
  10   10    2    9    4    7 
   6
  92  114  222  828  891  904 
  10    9    1    7    2    1 
   6
 144  232  476  499  639  738 
   3    4    1   10    5    7 
   6
 362  524  545  675  680  868 
   2    9    7    9   10    4 
   6
  73  368  442  459  727  958 
   4    7    6    8    6    2 
   6
  17  117  164  260  864  978 
   8    5    8    4    5    1 
   6
 379  416  604  662  933  948 
   7    1    6    3    7    1 
   6
   7   27   81  111  641  659 
   3    8    5   10    2   10 
   6
 454  509  548  571  881  927 
   6    1    7   10    1    7 
   6
  25  101  187  444  524  950 
   4    1   10   10    4    9 
   6
 362  502  511  533  869  956 
   1    4    3    4    9    1 
   6
  66  125  259  326  780  857 
   4    9   10    1   10    5 
   6
 165  217  322  414  705  815 
   9    7    7    7    5    7 
   6
  32  201  466  557  614  660 
   5    6   10    3    5    2 
   6
  49  337  373  629  823  954 
   3    5    1    5    1    3 
   6
 113  225  460  606  685  856 
   9    6    6    5    1   10 
   6
  44   85  128  265  317  888 
   3    5    6    7    7    8 
   6
 138  192  775  921  945  976 
   1    7   10    9    3    2 
   6
 144  332  365  474  642  707 
   4    1    1    3    4    1 
   6
  61   69  226  295  800  991 
   3    5    5    8    6    2 
   6
 190  230  238  372  648  796 
   5    8    2    9    6    9 
   6
 126  606  629  669  718  977 
   1    6    1    8   10    4 
   6
 183  241  363  857  921  998 
   8    8    3    2    2    9 
   6
  78  358  376  681  747  880 
   5    8    4    7    1    2 
   6
  29  188  234  351  382  440 
  10    2    1    1    6    1 
   6
 116  169  186  685  773  980 
   1    8    2    3    4    1 
   6
 112  343  411  683  857  939 
   1    7   10    4    8   10 
   6
  38  125  230  292  331  974 
   9    3    8    4   10    6 
   6
 143  397  507  643  785  862 
   6    9   10    3    5    3 
   6
  60  152  469  628  733  825 
   3    9    9    8    9    4 
   6
  63  139  351  467  556  954 
  10    2    2    9   10    6 
   6
 109  253  356  625  629  787 
  10    2    8   10    4    3 
   6
 121  136  374  560  575  897 
  10    6    3    6    2    1 
   6
  18  138  241  283  433  575 
   8    8    8    3    5    6 
   6
 159  302  386  463  528  835 
   3    2    4    3    5    9 
   6
 291  356  438  634  844  935 
   7    6    9    4    9    2 
   6
  60  220  326  403  700  835 
   9    7    8    7    9    5 
   6
 208  289  366  529  629  779 
   6    6    3    1    4    5 
   6
  57  165  243  411  666  904 
   6    6    3    2    6    7 
   6
  71  173  584  791  838  841 
   1    6    6    7    5    1 
   6
 393  422  489  591  877  882 
   4    9    1   10    3    4 
   6
 144  147  167  242  484  794 
   6    2    8    2    4   10 
   6
  58  252  352  383  549  971 
  10    8    5    6    3    2 
   6
  29  142  421  423  547  585 
   7   10    5    2    9    1 
   6
 402  446  774  811  822  997 
  10    1   10    5   10    1 
   6
  10  538  543  639  790  938 
   1    3    2    9    4    4 
   6
 406  694  742  924  925  996 
   3    8    6    5    8    1 
   6
  93  347  587  737  811  817 
  10    7    4    3    3    8 
   6
 125  536  826  836  873  919 
   3    7    1    2    9    2 
   6
  29   69  163  444  651  996 
   3   10    7    7    7   10 
   6
   7   88  530  535  812  969 
   2    1    2    9    5    1 
   6
  77  123  293  585  690  991 
   9    9    7   10    3    7 
   6
  63  241  689  717  812  986 
   9    1    3    3    8    6 
   6
 325  345  637  669  804  893 
   4    4    9    4    6    3 
   6
  38   87  477  674  719  734 
   4    1    1    4    3   10 
   6
  47   67  150  324  594  719 
   7    5    7   10    3    7 
   6
 123  396  416  591  864  936 
   7    9    6    9    7    7 
   6
 236  242  589  591  813  986 
  10    7    2    4    2    1 
   6
 182  397  692  787  807  920 
   6    5    6    5   10   10 
   6
  94  537  720  784  976  999 
  10    4    8    8   10    5 
   6
 169  433  564  676  802  824 
   6    7    8    4    8    4 
   6
 113  118  356  733  760  931 
   9    7    2   10    5    2 
   6
 128  174  215  566  711  910 
   3   10    9    4    3    8 
   6
  73   89  110  439  447  893 
   9    3    3    8    8    2 
   6
  83  177  290  537  761  925 
   1    3    1    4   10    1 
   6
  30  196  298  325  591  757 
   1   10    2    7   10    8 
   6
  78  124  608  692  713  923 
   6    3    6    9    9    4 
   6
 260  460  489  600  807  951 
   5    5    2    3    6    5 
   6
  33  203  409  443  519  581 
   8    5    2    2    9    6 
   6
 413  460  682  790  838  958 
   8   10    8    3    5    4 
   6
  42   48  136  184  582  922 
   7    2    2    7    5    5 
   6
  40  202  367  663  908  944 
   3    5    8    7    4    8 
   6
 225  230  233  428  492  507 
   2   10    6   10    8    9 
   6
  48  189  477  516  707  848 
   2    6    2    8    7    2 
   6
  94  132  205  469  615  714 
   6    2    9    8   10    3 
   6
  35   38   57  575  914  957 
   9    1    9    6    6    6 
   6
  55   56   79   95  360  539 
   3    8    1    8    1   10 
   6
  92  272  482  694  710  887 
   2    9    5    3    3    4 
   6
 524  618  675  823  891  894 
   5    9    1    1    6    6 
   6
 164  331  534  633  721  850 
   1    2    6    6    2    2 
   6
 105  215  490  540  824  910 
  10   10    8    2    8    9 
   6
  24   90  167  292  341  846 
   6    6    7   10    6    8 
   6
  64   80  103  244  782  825 
   3    4    6    7    9    6 
   6
 228  403  513  561  562  770 
   2    1    7    9    1    9 
   6
 238  582  605  839  889  977 
   9    9    8    2    8    4 
   6
  50   51  103  582  795  801 
   6    5    2    1    8    3 
   6
 247  464  530  612  897  909 
   2    9    9    2    9    5 
   6
  61  154  341  459  630  698 
   3    6    1    4    1    3 
   6
 117  317  625  663  746  892 
   7    2    8    9    5    8 
   6
  10  166  461  473  906  917 
   7    6    3    3   10    1 
   6
  49   91  178  320  465  567 
   2    9   10    1    3   10 
   6
 564  570  728  873  942  979 
   7    7    2   10    7   10 
   6
 149  202  370  473  553  592 
   6    7    3    4    5    4 
   6
 266  275  364  471  525  869 
  10    8    1    5    8    6 
   6
 168  318  334  660  807  991 
   5    3    8    6    5    7 
   6
 261  696  707  732  788  955 
   3    7    3    7    2   10 
   6
 198  326  693  871  980  991 
   8    1    6    7    9    5 
   6
  27   96  187  262  617  631 
  10    3    5    4    4    7 
   6
 190  608  804  831  835  953 
   7    7    3    1    8    4 
   6
  43  232  497  563  769  989 
  10    9    7    4    1   10 
   6
 263  278  519  606  768  894 
   9    6   10    4    6    4 
   6
 111  323  334  520  836  858 
   7    6    8    6    9    5 
   6
  67  141  386  659  680  767 
   8    1    6    7    6    5 
   6
  51   74  100  386  692  802 
   6    9    6    2    6    4 
   6
 151  339  551  565  568  766 
   6    4    2   10    4    3 
   6
 103  143  168  261  471  517 
   8    7    6    9    6    2 
   6
 156  167  219  676  939  950 
   5    6    6    5    5    6 
   6
  87  122  336  559  776  793 
   8    6    8    9    6    7 
   6
  47  193  822  922  927  944 
   2    3    3    1    7    9 
   6
 291  624  821  888  915  939 
  10    2    4    6    7    6 
   6
  12  227  368  424  702 1000 
   3    4    1    8    3    2 
   6
  16  101  340  418  432  505 
  10    6    2    5    4    6 
   6
   8  124  211  304  487  534 
   6   10    7    8    5    6 
   6
 187  348  823  832  930  989 
   1    1    7    7    2   10 
   6
 202  423  460  553  872  968 
   4    1    4    2    8   10 
   6
 126  314  690  959  963  997 
   3    5    3    3    8    5 
   6
 152  242  508  733  744  853 
  10    4    3    1    4    5 
   6
 247  250  292  342  582  892 
   7    3    1    5    7    7 
   6
 442  514  811  859  962  989 
   9    7    3    3    6    4 
   6
 297  513  683  747  957  971 
   6    7    3    8    2    1 
   6
 120  260  576  635  737  938 
   6    1    1    2    2    1 
   6
  84  308  335  514  830  941 
   8    9    2    3    4    5 
   6
 132  259  467  546  582  620 
   7    7    8    9    9    7 
   6
 342  557  574  822  829  968 
   8    3    1    1    8    5 
   6
  87  364  396  475  748  986 
   2    5    5    8    3    7 
   6
  71  159  175  636  806  816 
  10    5    1   10    1    9 
   6
  86  481  543  652  689  862 
   2    8    6    9    1    4 
   6
  62  135  586  728  765  796 
  10    6    7    2    8    7 
   6
  82  160  461  613  866  894 
   5    7    2    6    6    7 
   6
 270  296  318  567  671  942 
  10    6    9    8    7    1 
   6
  45   79  273  335  421  456 
   3    7    6    9    4    9 
   6
 170  349  420  542  758  806 
   3   10    6    1    6    9 
   6
   3   10   36  298  691  751 
   7   10    8    4    7    9 
   6
 270  476  500  813  875  998 
   5    7    7    9    6    1 
   6
 127  336  352  645  647  930 
  10    4    6    8    7    9 
   6
 236  342  492  501  564  845 
   2    9    1    2    4    2 
   6
 158  365  515  709  729  836 
   8    7    8   10    8    8 
   6
 390  430  462  623  873  997 
   5    6    7    2    7    5 
   6
 220  435  480  740  801  899 
   9    5    3    3    4    2 
   6
  75  300  414  743  827  943 
   6    7    2   10    4    6 
   6
 133  154  176  273  378  384 
   5    7    4    1    5    7 
   6
 130  219  383  469  873  896 
   5    6    3    5    7    4 
   6
 292  445  466  763  864  947 
  10    4    3    4    1   10 
   6
  21  136  236  329  490  973 
   7    9    9    8    8    5 
   6
 293  339  480  562  572  771 
   9    4    2   10    2    9 
   6
   7   56  324  656  711  749 
   4    7    1   10    8    9 
   6
  99  795  801  815  850  855 
   6    5   10    5    9    5 
   6
  38  245  281  370  546  739 
   2   10   10    3    3    8 
   6
  26  436  593  604  658  924 
   4    2    2    6    6   10 
   6
  11   24  174  320  727  800 
   2    9    7    3    9    9 
   6
 286  356  646  734  755  782 
   3    7    6   10    4    8 
   6
 276  322  478  595  677  852 
   5    1   10    3    1    6 
   6
 315  389  496  588  677  918 
   6    8    7    3    3    2 
   6
 124  142  460  547  764  809 
   9   10    2   10    2    3 
   6
 219  408  445  619  962  994 
  10    5    1    3    6   10 
   6
  74  430  500  558  618  984 
   7    9    9    4    4    3 
   6
 375  701  731  864  905  963 
   4    7    7    2    8    1 
   6
 168  203  216  505  651  753 
   6    6   10    1    6    3 
   6
  98  200  233  471  508  647 
   7    9    3   10    4   10 
   6
  25  357  412  483  773  936 
   5   10    6    4    1    9 
   6
  63  369  867  892  942  995 
   1    5    5    9    9    1 
   6
 252  328  727  794  970  997 
   3    6    1    5   10    8 
   6
 348  473  598  757  796  994 
   3    4    2    5    5    7 
   6
  47   77  134  379  547  894 
   3    6    2    1    2    9 
   6
  81  301  379  500  715  780 
   5    7   10    9    4    6 
   6
  47  172  373  382  534  601 
   2    4    6    9   10    5 
   6
 145  498  500  581  621  690 
   2    6    8    7    2    6 
   6
   9  307  426  604  617  653 
   5    4    2    1    7   10 
   6
  82   89  134  254  315  555 
   8    8   10    1    3   10 
   6
  20  337  346  366  475  573 
   8    7    2    7    2    7 
   6
  64  161  301  425  511  564 
   4    9    8    3    7    2 
   6
 134  220  438  709  935  943 
   6    3    7    5    4    9 
   6
  62   86  267  364  605  911 
   2    1    9    7    6    7 
   6
  52  334  356  788  903  957 
   2    6   10    1    3    4 
   6
 119  197  205  423  810  977 
  10    2    9    5    9    3 
   6
 387  536  546  784  810  991 
   4    8    4    4    8    7 
   6
  82  146  345  513  521  979 
   2    9    4    9    3    6 
   6
  34  310  322  660  668  952 
   6   10    7    5    4    3 
   6
 243  359  443  612  634  980 
   8    8   10    7   10    5 
   6
  40   84   95  114  499  931 
   2    8    8    1   10   10 
   6
 103  119  178  485  902  923 
   2    7    4    2    4    6 
   6
 100  240  449  469  540  577 
   3    8    2    9    7    6 
   6
   9  144  297  406  550  799 
   7    7    4    2    1   10 
   6
  48  209  309  426  851  889 
   7   10    7    5    9   10 
   6
 313  401  419  509  861  873 
  10    6    4    3    7    2 
   6
 148  179  393  559  642  818 
   2    7    6    4    7    7 
   6
  56  609  643  668  837  981 
   5    8    1    8    7    3 
   6
 259  300  464  677  725  821 
   7    6    4    7    9    5 
   6
  13  179  581  603  940  975 
   6    3    5    2   10    8 
   6
 294  366  665  855  863  866 
   9    4    6    2    7    3 
   6
 104  223  308  626  884  967 
   8    3    3    5   10    8 
   6
  93  417  522  556  800  846 
   2    7    8    7    3   10 
   6
  44  230  282  319  640  941 
   9    1    7    7    2    3 
   6
 350  472  559  622  823  891 
  10   10    7    4    1    2 
   6
  27  428  479  781  806  962 
   1    4    2    2    1    5 
   6
 461  517  546  594  627  883 
   9    2   10    8    9    4 
   6
  22  291  472  765  890  957 
   5    5    4    3    3   10 
   6
  18   73  184  249  521  723 
   1   10    7    7   10    3 
   6
  67  129  182  335  438  701 
   4    5    1   10    2    7 
   6
 157  167  444  847  850  916 
   3    9    7    8    7    1 
   6
   3  159  284  319  494  881 
   1    4    7    7   10    1 
   6
 162  283  506  610  656  764 
   9    8    2    1    7    1 
   6
 402  413  593  614  680  784 
   8    3    8    1    4    2 
   6
  78  378  871  890  925  998 
   7    8   10    8   10    4 
   6
 155  427  535  613  910  986 
  10    5    1    5    5    1 
   6
 234  580  583  649  894  951 
   9    2    6    7   10    4 
   6
 825  870  882  899  955  974 
   1    8   10    6    8    4 
   6
  10  398  459  478  688  948 
   3    8    3    8    2    1 
   6
 191  195  367  777  782  978 
  10    5    8    6   10    7 
   6
 516  566  648  649  898  961 
   8    5   10    1    5    7 
   6
 139  501  625  682  982  990 
   9    1   10    3    2    7 
   6
  58  192  202  329  405  606 
   5    6    1    3    3    1 
   6
 350  392  559  713  826  926 
  10    7    7    9    4    8 
   6
 155  358  400  573  641  725 
   8    2    3    6   10    4 
   6
 213  280  431  644  657  928 
   5    1    6   10    8    7 
   6
  45  307  451  544  609  625 
   2    6    2    9    8    7 
   6
 162  343  546  786  875  896 
   6    5    9    8    9   10 
   6
 353  445  562  569  752  902 
   5    6    1    5    7    5 
   6
 276  420  468  774  868  916 
   1    1    3    7    3    2 
   6
 209  417  503  615  808  928 
  10    2    9    3    8    5 
   6
 254  308  603  672  722  807 
   7    1    1    9    5    4 
   6
  95  263  578  669  679  965 
   3    8    1   10    5    6 
   6
 262  316  329  442  609  696 
   7    3    3   10    8    8 
   6
 388  611  663  706  750  995 
   6    4    7    3    3    6 
   6
 212  521  574  647  951  960 
   3    2    1    6   10    4 
   6
 481  578  639  751  834  949 
   5    9    1    6   10    1 
   6
 590  612  753  764  774  964 
  10    1    2    8    5    5 
   6
  99  334  523  558  882  907 
   6    4    9   10    2    4 
   6
 126  366  734  760  852  879 
   1    8    7   10    5    8 
   6
  97  171  258  466  631  854 
   7   10    5    9    4    2 
   6
  89  143  179  204  700  748 
   4   10    1   10    8    6 
   6
 113  206  447  775  821  885 
   7    9    5    8    1    4 
   6
 251  408  410  669  770  940 
   9    1    6    4    1    1 
   6
  41   81  367  368  495  814 
   2    8    5    4    2    2 
   6
 191  462  813  886  990  992 
   6    6    9   10    2    8 
   6
 181  244  478  486  602  998 
   6    4    5    8    4    8 
   6
 127  194  419  456  522  889 
   2    4    7    6    4    7 
   6
 394  419  473  719  728  913 
  10    6    6    3    8    7 
   6
 201  249  394  485  579  887 
   7    6   10    1    5    1 
   6
 226  232  330  635  755  948 
   7    8    8    1    5    8 
   6
  96  407  458  778  815  996 
   2    1   10    2    9    2 
   6
 309  333  657  693  700  848 
   6    9    6    7    8    4 
   6
  35  174  703  805  860  963 
   5    8    9    3    2    5 
   6
  36  331  411  703  913  970 
   4    4    9    5    4    8 
   6
  37  354  441  479  630  961 
   9    6    5    6    3    5 
   6
  38  229  277  412  626  782 
   7    4    6    1    1    1 
   6
 183  252  282  516  801  865 
   9    3    1    5    1    1 
   6
 245  303  353  369  478  705 
   7    6    7    5    4    9 
   6
  31  239  450  732  846  901 
   3   10   10    1    4    3 
   6
 362  538  702  793  817  884 
   4    5    9    3    1    7 
   6
 554  585  730  750  933  956 
   9    5   10    8    3    3 
   6
 246  482  483  672  827  931 
  10    6    4    6    6    6 
   6
 177  409  491  495  662  753 
   5    3    2    4    6    2 
   6
  42  214  230  590  666  713 
   7    6    3   10    8    9 
   6
  50  284  568  650  708  775 
   1    3    9    1    5    8 
   6
  78  150  476  580  920  984 
   7    2    6    7    4    4 
   6
 156  191  358  390  696  969 
   3    9    9    7    9    5 
   6
 254  262  328  378  446  849 
   7    7    6    5    2    2 
   6
 152  211  380  498  622  717 
   1    3    6   10    7    2 
   6
  53  610  728  883  976  996 
   8    8    3    4   10    6 
   6
  74  213  239  386  786  848 
   7    1    7    5    3   10 
   6
 163  389  577  645  701  816 
   6    4    8    1    6    7 
   6
 117  207  433  583  595  719 
  10    1    2    9    3    5 
   6
  50  115  127  586  686  823 
   8    4    7    1    7    2 
   6
  73   98  158  489  633  977 
   1    8    1    4    4    3 
   6
   6  477  558  701  828  895 
   7    6    9    3    6    1 
   6
 223  319  408  573  886  978 
   6    6    1    8    1    6 
   6
 205  273  284  458  988  990 
   8    3    3    2   10    5 
   6
 301  360  464  755  832  909 
   8   10    6    2    6    3 
   6
  89  141  305  450  453  843 
  10    2    4    4    4   10 
   6
  80  491  613  622  633  936 
   1    8    7    4    8    6 
   6
   4  303  661  671  771  952 
  10    9    8    3   10    6 
   6
 156  163  235  289  544  901 
   8    8    6    4    1    3 
   6
 183  192  260  359  466  904 
   2    9   10    1   10    9 
   6
 169  196  364  381  533  774 
   8    4    5    1    5    7 
   6
  76  231  338  381  387  859 
   5    7    3    4    1    7 
   6
 337  400  484  541  761  921 
   3    1    5    8    5    9 
   6
  54  166  206  503  600  725 
   2    4    4   10    2    8 
   6
 173  363  764  809  838  996 
   2   10    6    1    2    9 
   6
   4  143  149  455  684  983 
   3    6    1    1    7    9 
   6
 179  185  197  380  482  992 
   5    8    9    3    9    5 
   6
  88  278  481  565  754  882 
   7    5    8    9    2    8 
   6
  62  437  497  655  737  858 
   9    5    5    3    2    2 
   6
 115  238  453  502  768  947 
   4    4    8    4    9   10 
   6
 231  355  409  453  504  644 
   2    8    7    2    9    7 
   6
 109  429  633  743  758  876 
   7    6   10    5    6    1 
   6
 175  224  474  868  887  915 
   1    3   10    3    3    7 
   6
 193  494  502  547  563  855 
  10    4   10    4    5    6 
   6
 255  274  382  483  649  766 
  10   10    7    2    7    6 
   6
  86   92  603  709  867  985 
   1    2    6   10    9    5 
   6
 104  196  399  551  831  871 
   5    6    3    1    1    5 
   6
 279  309  495  679  742  830 
   5    7   10    7    1    5 
   6
 306  577  711  744  908  967 
   6   10    7    1   10    1 
   6
 346  430  610  640  673  985 
   8    8    9    1    8    2 
   6
  93   97  123  212  235  859 
   8    6    2    7   10    4 
   6
 221  495  601  816  922  995 
  10    4    6    5    7    6 
   6
  85  275  318  412  523  924 
   8    2    9    3    1    9 
   6
   2  240  335  508  587  656 
   2    8    1    8    8    6 
   6
  21  138  330  457  494  636 
   7    1   10    1    6    6 
   6
 380  590  626  661  812  828 
   1    7    6    2    4    9 
   6
  65   72  311  585  726  968 
   2    1    4    6    9    5 
   6
  35   84  340  664  828  860 
   7    3   10    4    5    2 
   6
 155  186  234  336  760  856 
   1    5    7    5    5   10 
   6
  80  198  380  409  691  737 
   1    7    1    3    2    7 
   6
  99  231  251  290  461  816 
   3    7    4    8    7    6 
   6
  41  133  270  295  538  623 
   9    8    8    5    6    7 
   6
  66  172  295  699  915  976 
   7    1    4    2    1    3 
   6
 222  309  375  592  657  863 
   5    5    9    8    9    4 
   6
 154  209  695  705  772  803 
   3    3    3    4    2    9 
   6
 501  597  617  653  893  952 
   6    2    6    5    9    4 
   6
  58   82  687  940  992  997 
   8    9   10    6    7   10 
   6
  45   76  227  503  693  732 
   8    1    6    3    5    2 
   6
  29   94  399  548  907  981 
   6    3    2    9    6    2 
   6
 218  369  653  667  728  824 
   4    9    8    9    8    6 
   6
  85  397  688  788  928  958 
   4    4    9    3    9    7 
   6
 417  554  607  667  759  861 
   9    7    6    5    1   10 
   6
 202  265  319  638  745  965 
   5    8    5    5    7    3 
   6
   2   68  225  226  664  888 
   9    7    1   10    5    1 
   6
 320  342  361  365  548  853 
   6    3    1    1    3    8 
   6
 336  337  420  563  938  967 
   1    4    6    2    1    4 
   6
  86  227  350  616  628  777 
   6    9    7    1    7    3 
   6
 104  203  509  724  836  869 
   6    3    1    4    2    4 
   6
   8  202  471  483  713  912 
   3    7    9    7    7    7 
   6
 392  411  455  660  864  979 
   2    8    5    1   10   10 
   6
  96  164  165  322  476  988 
   4    6    2    5    4    7 
   6
  25  237  337  410  720  892 
  10    4    1    6    3    5 
   6
   6  285  513  741  914  917 
   3    6    3    1    8    8 
   6
 214  323  470  843  858  897 
   8    4    1   10    8    3 
   6
 199  318  671  754  759  928 
   5    7    4    2    1    6 
   6
  22  535  560  614  755  840 
   8    5    2    6    2    3 
   6
 274  385  403  436  693  771 
   7    2    8    4    3    6 
   6
  52  102  247  427  731  829 
  10    4    6   10    8    6 
   6
 299  300  445  464  776  823 
  10   10    8    5   10    3 
   6
 505  556  570  571  648  684 
   5    2    8    2    1    3 
   6
 118  186  418  589  599  802 
   9    5    3    5    6    6 
   6
  90  120  376  465  695  803 
   9    5    4    3    4    6 
   6
 269  493  593  764  884  961 
   8    4    7    5    6    2 
   6
 352  374  412  621  700  768 
   3    2   10    7    3    4 
   6
  34  275  338  584  606  610 
   3    3    1    8    8    6 
   6
 246  541  630  916  946  968 
   6    1    8    1    9    8 
   6
 106  264  566  797  929  943 
  10    8    8    3    4    2 
   6
  11   98  145  392  618  966 
   3    7    1    8    6    9 
   6
   6   62  415  628  838  959 
   4    4    6   10    4   10 
   6
  29   36  273  406  463  616 
   8    4    3    4    1    8 
   6
  31  108  244  405  757  826 
   6    3    2    4    2    2 
   6
 302  493  645  780  860  898 
   1    9    9    9    4    9 
   6
 216  294  328  640  683  954 
   5    1    1    3    3    6 
   6
 130  314  346  365  424  726 
   2    3    7    3    7    6 
   6
 294  387  552  638  819  901 
   6    6    1    1    8    8 
   6
  52   88  100  305  385  439 
   4   10    2    9    8    7 
   6
 221  307  358  399  477  537 
   6    1    3   10    8    8 
   6
 131  264  620  704  719  981 
   8    3    7    3    8    1 
   6
  74  201  522  593  876  989 
   7    2    5    6    4    1 
   6
 404  428  594  788  884  999 
   6    9    6    6    2    9 
   6
  15   16   68  118  423  815 
   8    5    1    6    5   10 
   6
 253  281  377  474  477  787 
   7    2    9    7    8   10 
   6
 173  396  496  710  911  930 
   5    3    1    8    4   10 
   6
 246  298  299  524  579  765 
   4    7    6    4    4    4 
   6
  19   34  193  280  381  763 
   5    4    6    1    6    8 
   6
  41  105  192  567  721  723 
  10    5    4    7    9    4 
   6
 102  465  568  721  775  961 
   9    7    8    8    9    2 
   6
 105  176  236  416  767  854 
   2    1    5    5    9    1 
   6
 172  409  558  675  782  933 
   8    7    7    1    1    8 
   6
  32  232  443  597  711  944 
   6    3    7    6   10    2 
   6
 229  245  496  825  829  867 
   2    5    5    3   10    5 
   6
 266  393  569  762  832  937 
   5   10    1    6    8    6 
   6
 134  256  415  526  820  892 
  10    4    9    7    9    4 
   6
 347  493  543  574  853  872 
   6    6    2    6    4    4 
   6
 199  217  355  487  703  787 
   6    9    8    9    8    6 
   6
 276  804  810  835  872  874 
   6    4    3    2    9    3 
   6
  18  173  703  763  785  793 
   1    4    1    9   10   10 
   6
  95  122  324  468  491  728 
   5    7    2   10    2    9 
   6
 511  555  599  640  708  778 
   2    4   10    9    2    9 
   6
  20  200  626  704  920  931 
   6    5    8    8    5    1 
   6
  50  210  392  483  587  920 
   1    2    4    3    1    4 
   6
 344  452  455  929  941  951 
   5    1    8    9    5    9 
   6
  49   97  233  260  565  774 
   4    9    7    2    2    7 
   6
  15  125  411  678  707  893 
   2    8    7    1    9    1 
   6
  20   86  556  697  716  854 
   4    1    4    1    3    3 
   6
  29  306  579  665  876  885 
   5    5    1    6    4    5 
   6
  66  180  284  524  545  589 
   6    9   10    1    3    7 
   6
  51  130  240  425  641  844 
   4    2   10    7    2    4 
   6
  71  111  261  552  828  971 
  10    7    7    9    6    2 
   6
 204  216  279  394  714 1000 
   4    1    6    8    1    2 
   6
  59  106  319  470  665  799 
   7    1    2    8   10    8 
   6
 125  293  482  576  725  841 
   8    5   10    3    6    2 
   6
  32   54  570  601  714  962 
   4    3    6   10    4    6 
   6
 243  452  597  610  708  817 
   2    6    6    1    3    4 
   6
 310  331  706  733  819  998 
  10    4    2    3    8    5 
   6
 277  486  504  624  675  854 
   2    9    7    2    4   10 
   6
  21  437  449  475  519  671 
   6    1    6    2    5    4 
   6
 331  345  346  533  571  718 
   4    8    2    3    8    8 
   6
  23   70  538  632  766  778 
   5    6    4    1    9    3 
   6
 341  385  437  615  797  955 
   1    5    8    3    7    9 
   6
  10   21  192  298  488  631 
   2    8    9    6    7    3 
   6
 360  591  806  821  855  975 
   1    9    3    1   10    4 
   6
  51  302  329  528  576  973 
   4   10    2    9    2    4 
   6
  66  149  269  849  856  987 
   8    4    3    2    3    2 
   6
  77  129  131  176  215  932 
   6    5   10    4    2    9 
   6
 151  190  257  366  621  729 
   3    2    9    7    4    7 
   6
  46  199  296  725  803  972 
   7    7    6    3    1    2 
   6
  96  405  622  862  867  901 
   3    1   10    8    3    4 
   6
 148  249  330  394  831  952 
   9    4    6    5    8    8 
   6
   6  152  397  422  559  956 
   7    3    3    7    4    5 
   6
  75  204  291  335  682  745 
  10    3    9   10    3    2 
   6
  92  184  468  697  789  833 
   9    8    9    6    7    6 
   6
 280  433  467  526  540  732 
   3   10    9    8    1    3 
   6
  91  136  203  243  616  689 
   9    8    5    9    8    4 
   6
  13  389  446  594  909  910 
  10    1    8    4    7   10 
   6
 155  167  220  384  689  839 
   5    6   10    9   10   10 
   6
 255  258  623  641  848  982 
  10    4    8    5   10    6 
   6
 151  154  224  299  683  921 
   3    4    4    6    2    5 
   6
  80  348  417  667  819  914 
   3   10    7    3    2    8 
   6
 186  231  452  499  751  871 
   8    2    2    9    2    4 
   6
  64  195  317  386  815  830 
   1    7    6    4    1    3 
   6
 116  135  327  412  417  736 
   1    2    6    8    8    6 
   6
 213  269  297  309  834  907 
  10    8    5    4    6   10 
   6
 256  306  481  608  667  965 
   2    6    2    3    6    3 
   6
 200  206  765  858  871  939 
   3    2    8    3    9    7 
   6
 188  287  343  479  614  947 
   8    5    8    2    4    9 
   6
 139  313  342  447  575  817 
   5    6    9   10    7    5 
   6
 221  313  350  384  436  911 
   4    4    2    7    3    9 
   6
   5  103  338  609  870  979 
   9    4    5    2    2   10 
   6
 242  300  508  650  762  848 
   2    1    8    6    6    2 
   6
 297  451  527  691  720  833 
   8    9    7    1    8    8 
   6
 174  430  604  695  853 1000 
   5    9    4    7    4   10 
   6
 456  588  843  874  896  899 
   7    4    5   10    8   10 
   6
   7  102  129  326  542  990 
   2    1    2    4    5   10 
   6
 142  205  658  746  881  996 
   8    8    3    7    4    7 
   6
 314  332  433  548  702  784 
   2    8    2    4    8    5 
   6
 134  197  529  574  722  818 
   8    1    1    8    4    9 
   6
 398  407  429  529  572  744 
   4    9    6    5    1    8 
   6
 262  349  360  506  584  699 
  10    4    6    4    6    2 
   6
 295  314  353  357  555  922 
   2    4   10    4    5    3 
   6
   4  214  418  426  857  966 
  10    7    1    5    4    7 
   6
 161  344  652  727  791  871 
   7    5   10    9    4    1 
   6
  59  228  320  504  715  746 
   2    6   10    6    9    2 
   6
  64  241  475  919  949  970 
  10   10    9    3    2    6 
   6
 195  217  226  228  617  643 
   7    9    9    8    7    2 
   6
 197  272  371  536  588  613 
   2    1    6    7    8    5 
   6
   4   53   72  345  349  789 
   1    5    4    4   10    5 
   6
 281  339  373  657  679  953 
   9   10    3    2    3   10 
   6
  30  346  451  498  839  865 
   1    9    7    6    5    3 
   6
   5  173  219  395  866  887 
   3    6    1    5    5   10 
   6
 263  494  672  674  851  913 
   2    4    6    3    2    8 
   6
  90  134  518  596  751  875 
  10    9    1    6    1    5 
   6
 178  220  359  485  812  859 
   3    4    8    8    2    8 
   6
  70  246  383  650  665  864 
   1    3    1    3    8    6 
   6
   3   28  522  532  886  930 
   8    9    2    5    7    2 
   6
  72  232  434  532  956  973 
   3    7    2    3    5    5 
   6
  40  522  530  664  867  926 
   4    1    1    3    8    6 
   6
  61  145  181  238  388  845 
   9    7    7    9    3    1 
   6
 180  183  595  638  911  930 
   7    3    6    4   10    8 
   6
  53  198  517  520  613  731 
  10    8    9    2    1    4 
   6
  15  135  271  308  684  826 
   9    8    8    5    3    4 
   6
 167  257  515  525  771  811 
   2    2    9    4    9    2 
   6
 507  560  611  705  850  890 
   1    8   10    6    7    7 
   6
  11  130  162  452  812  876 
   6    9   10    5    2    3 
   6
  53  163  515  592  690  834 
   1    6    2    4    7    6 
   6
 238  259  286  537  910  956 
   3   10    2    2    9   10 
   6
 253  298  414  510  512  953 
   8    4    5    2    1    4 
   6
 289  358  660  806  832  964 
   9    1    4    8    4    3 
   6
  65   71  140  419  442  543 
   9    4    5    4    1    4 
   6
 155  517  786  901  920  939 
   8    4    7    5    2   10 
   6
 428  468  644  756  814  937 
   7    8    6    8   10    8 
   6
 486  664  684  773  787  932 
   7    3    6    4    2   10 
   6
  96  458  766  889  934  940 
   5    9    1    8    7    8 
   6
  99  492  493  666  824  997 
   1    1    5    6    6    3 
   6
 112  148  512  765  810  875 
   2    9    1    5    2    6 
   6
 536  603  678  885  904  923 
   1    1    4    1    4    8 
   6
  25  510  511  655  720  863 
   1    5    3    8   10    4 
   6
  18   72  336  453  903  936 
  10    4    5    3    4    4 
   6
 141  174  227  539  654  814 
   6    6   10    7    9    9 
   6
   7  112  266  391  742  917 
   7    9    1    5   10   10 
   6
  45  110  237  501  531  835 
   1    7    8    7    1    1 
   6
  44  121  126  412  521  935 
   7    4    4    8    2    8 
   6
 107  311  367  454  589  795 
   3    5    6    4    9    2 
   6
  24   45  138  534  775  791 
   5    4   10    7    1    4 
   6
 142  243  468  714  757  963 
   2    7    1   10    1    4 
   6
 338  401  637  824  839  929 
   8    1    9    6    9    3 
   6
  32   34  193  489  780  785 
   4    7    1    5    3    2 
   6
 107  188  429  524  935  940 
   2    6    2    4    4    2 
   6
 277  334  562  654  713  927 
   9    1    3   10    5    1 
   6
  65  442  587  632  845  913 
   7    3    1    9    4    3 
   6
 184  209  237  257  278  675 
   9    3    4   10    9    9 
   6
 105  215  225  349  596  715 
   9   10    2    4    1    2 
   6
   2   70  374  380  491  555 
   8    7    9    3    4    8 
   6
   7   11   39  104  563  736 
   3    1    7    3   10    3 
   6
 244  635  677  769  934  943 
   1   10    5    4   10    3 
   6
  55  166  352  632  693  953 
   3    2    1    3    7    5 
   6
  58  410  444  567  598  706 
   6    1    9    9    5    3 
   6
  56  154  176  578  873  966 
   1    5    2    9   10   10 
   6
  41  312  377  888  917  975 
   5    9    7    5    3    7 
   6
 230  434  495  548  652  915 
  10    4    5    8    2    3 
   6
  92  253  395  440  735  843 
  10    7    2    4    3   10 
   6
  75  185  687  798  850  851 
   3    3    4    5    7    7 
   6
  44  217  289  327  424  767 
   8    4   10    9    7    4 
   6
 169  247  255  274  465  611 
   9    4    7    7    4    9 
   6
  94  391  518  730  797  993 
   6    2    8    2    2    8 
   6
 145  639  743  777  865  905 
   9    3    1    5    1    2 
   6
  32  145  206  279  544  937 
   7    1   10    1    3    4 
   6
 161  349  381  549  742  757 
   4    5    2   10    3   10 
   6
   2  122  153  197  232  794 
   2    8    7    4    2    7 
   6
 166  343  438  637  783  918 
  10    9    2    6   10    2 
   6
 124  271  402  602  720  902 
   4    5    8    3    9    1 
   6
  31  152  191  421  552  906 
   9   10    8    7    9    5 
   6
 166  316  422  651  686  696 
   4    9    8    1    8    9 
   6
  54  279  427  581  680  804 
  10    5    1    8    8    1 
   6
  24  153  395  448  768  818 
  10    7    8    6    4    7 
   6
  70  395  453  607  629  789 
  10    2    8    7    5    3 
   6
 206  493  657  882  921  957 
   2    1    7    2    5    3 
   6
 231  275  328  711  754  989 
   7    6    8    7    4    9 
   6
 185  286  429  492  632  949 
   1    1    6    8   10    7 
   6
  94   95  137  482  676  890 
   2    6    6    7    7    5 
   6
 182  447  458  584  661  697 
   1    3    2    9    5    1 
   6
 243  323  354  670  844  942 
   6    8   10    4   10    1 
   6
 283  287  553  602  793  869 
   1    9    9    7    2    7 
   6
 300  419  441  616  757  869 
   5    4    1    7    5   10 
   6
 267  317  770  798  808  948 
   2    7    5    3    8    6 
   6
 130  228  250  569  618  718 
   6    7    5    8    1    9 
   6
 132  146  147  179  184  804 
   5    9    1    7    9    4 
   6
  37  267  324  739  749  859 
   4    6    9    8    7    2 
   6
 101  400  494  576  597  960 
   6    8    6    9    6    5 
   6
   5  105  113  312  362  655 
   5    1   10    5    6   10 
   6
 189  325  677  715  861  936 
   7    1    4    4    5    7 
   6
 109  359  436  545  686  722 
   4    8    1    1    3    2 
   6
 214  488  501  676  884  983 
   3    4    8    6    2    9 
   6
 119  396  442  538  700  870 
   2    5    7    9    2    5 
   6
  42  288  315  361  739  886 
   6   10   10    7    1    6 
   6
 102  118  119  127  457  642 
  10    9    4   10    9    9 
   6
 154  369  520  831  865  912 
   4    8    4    1    8    6 
   6
 210  264  398  414  645  655 
   2    8    7    6    7    9 
   6
  42  117  257  415  470  969 
   3    3    8    6    4   10 
   6
 213  324  514  662  681  935 
   3    3    6    1    7    8 
   6
 507  547  842  866  880  978 
   6    1   10    6    9    2 
   6
 371  425  449  584  622  756 
   2    6    6    6    4    4 
   6
  33  224  552  620  684  763 
   2    2    5    7    1    4 
   6
  30   48   56  396  434  618 
   7    8    7    6   10    3 
   6
  16  129  339  611  666  767 
   6    3    2    7    1    3 
   6
  30  227  357  448  800  877 
   3    5    6   10    9   10 
   6
 297  566  578  840  887  953 
   4    3    7    7    8    3 
   6
  22  250  282  351  531  760 
   3    2    1    6    1    9 
   6
  68  210  229  487  741  945 
   6    6    1    4    8    8 
   6
 146  234  710  712  805  914 
   8    6    1    6    3    5 
   6
  77   83  162  273  400  760 
   5    6    4    1    8    8 
   6
  59  377  571  627  726  850 
   8    6    7    3    9    2 
   6
 128  160  479  792  862  959 
   6    7    3    7    8    7 
   6
 248  277  284  484  716  865 
   8    8    8    2    9    8 
   6
 263  321  355  400  449  855 
   1    8    9    6    1    8 
   6
 285  518  559  600  898  904 
   4   10    9    7    4    3 
   6
 148  240  288  725  838  903 
   2    7    1    9    5    1 
   6
 190  266  332  501  515  621 
   6    5    7    5    1    7 
   6
   5   75  264  391  481  795 
   5    5    1    6    4    5 
   6
  54  136  281  455  745  885 
   9   10    3    3    7    9 
   6
 382  405  469  579  718  845 
   1    8    8    7    9    4 
   6
 159  229  371  500  825  842 
   4    7    6    7    6    8 
   6
 140  217  403  581  599  960 
   9    4    6    1    3    6 
   6
  57  216  706  792  880  983 
   8    3    4    9    7    3 
   6
   1  184  413  598  731  899 
   1    7    7    7   10    8 
   6
  22  228  399  461  613  721 
   9    2    7    4    7    8 
   6
 255  320  332  463  597  642 
   4    7    4   10    4    3 
   6
  37   53  199  367  472  717 
   7    8    2    7    8    8 
   6
  51  171  451  771  896  898 
   8    2    2    6   10    3 
   6
  55   93  150  272  277  886 
   9   10    8   10    7    7 
   6
 252  307  361  435  771  806 
   5    1    6    8    8    5 
   6
 257  607  752  758  870  933 
   9    3   10    9    7   10 
   6
  91  382  404  865  891  980 
   8    7   10    6    8    8 
   6
  76   83   93   99  571  676 
   5    1    4    4    5    9 
   6
  23  149  306  401  884  893 
   1    1    3    8    9    5 
   6
  59  159  291  456  790  981 
   9    7    4    3    9    9 
   6
 454  545  551  574  643  713 
   1    9    3   10    8    1 
   6
  24  141  326  332  347  944 
   2    6    4    8   10    5 
   6
  97  240  655  658  851  987 
   4   10    9   10    9    6 
   6
 182  301  550  789  971  977 
   2    1   10    3    5   10 
   6
 187  360  715  718  905  981 
  10    6    5    9    6    4 
   6
  15  115  541  565  669  670 
   1    9    9    6    2   10 
   6
 378  410  514  712  892  948 
   5    1    4    8   10    8 
   6
  24   57   64  107  287  561 
   8    6    5    9    1    3 
   6
 254  355  408  434  717  858 
   2    1    3    9   10    8 
   6
  69  275  443  472  837  891 
   2   10    2    5    4    8 
   6
  80  247  591  622  697  894 
   4    7    9    3    8   10 
   6
  90  248  500  632  783  907 
   3    1    2    8    6   10 
   6
 276  346  526  791  800  918 
  10    7    6    9    3   10 
   6
 196  323  407  593  697  799 
   8    1    9    7    4    8 
   6
   6  212  778  849  901  930 
   2    6    5    7    8    1 
   6
  28  196  220  286  738  791 
   6    7   10    6    8    6 
   6
  82  271  395  785  807  827 
   6   10    1    3    1    6 
   6
 267  271  350  652  895  912 
   7    1    7    1    9    2 
   6
  59  316  485  509  761  945 
   9    1    6    3    5    4 
   6
 111  219  568  827  899  947 
   7    6    1    8    8    6 
   6
 188  497  555  649  797  966 
   9   10    2    1    6   10 
   6
 229  371  375  679  741  877 
  10    5    8    9    8    2 
   6
  42  534  544  881  937  995 
  10    9   10    4    2    1 
   6
 344  532  585  593  634  934 
   3    8   10    9    9    4 
   6
  17  207  263  359  912  983 
   1   10    7    6   10    4 
   6
 276  303  369  503  572  908 
   8    6    9    2    7    6 
   6
  34  210  490  634  841  902 
   6    6    3   10    6    8 
   6
  69  164  792  822  870  900 
  10    7    6    7    4   10 
   6
  75  156  239  385  523  748 
   2    6    5    1    4    1 
   6
  46  333  361  576  685  703 
   9    8    2    5    4   10 
   6
  28   68  314  595  690  979 
   8    3    6    1    4    5 
   6
 133  150  285  765  772  877 
   7    9    7    5    7    6 
   6
 363  379  512  527  839  986 
   4    5    3    3    9    9 
   6
  52  251  441  446  509  762 
   8    6    6   10    8    5 
   6
 100  315  529  600  730  862 
   6    8    6    1    3   10 
   6
  16  375  377  474  479  945 
   5    9    5    3    6   10 
   6
 239  248  691  794  813  938 
   4    8    1    5    8    9 
   6
  83  115  283  294  637  937 
   8    4   10    4    2    4 
   6
  60  577  637  743  982  987 
   1    4   10    1    2    7 
   6
 191  333  390  452  903 1000 
   7    3    4    4    3   10 
   6
 282  313  506  736  912  992 
   9    6    6    9    9    7 
   6
 355  818  874  897  942  959 
   8    7    1    9    7    2 
   6
 116  506  694  876  919  949 
   4    3    3    2    9    1 
   6
  65  140  424  451  546  868 
   9    1    1    4    9    1 
   6
  50  122  168  575  588  629 
   5    4    5    7    6    9 
   6
 213  214  249  550  586  999 
   1    3    7    5    4    7 
   6
 439  531  701  724  749  846 
   1    4    5    2    5    8 
   6
 283  353  503  653  967  970 
   5    7    3    9    4    9 
   6
  49   65  164  264  569  834 
   9   10    6    4    8    2 
   6
  40   85  595  740  833  958 
   6    7    7    5    4    5 
   6
  58  131  272  466  902  991 
   1    8    3    3    7    5 
   6
  88  181  408  473  747  974 
   4    3    3    2    9    4 
   6
 341  395  516  527  598  793 
   7    3    3    6    1    8 
   6
  12   77   87  661  700  940 
   9    1    3    4    1    1 
   6
  17  325  568  587  925  945 
   7    7    8    3    5    3 
   6
 372  557  731  817  913  995 
  10    4    1    7    7    6 
   6
  23  269  376  797  919  972 
   6    2    9    8    5    3 
   6
 114  188  469  471  723  756 
   3    1    4   10   10    4 
   6
 113  177  228  520  662  969 
   3    3    6    7    4    6 
   6
 194  365  486  668  833  836 
   7    2    1    1   10    2 
   6
 120  128  165  736  769  949 
   6    9    6    9    9   10 
   6
 158  303  373  392  551  964 
   6    7    5    3    7    9 
   6
  12  108  139  674  970  987 
   7    8    3    3    1    8 
   6
  37  370  397  487  762  849 
   1    3    4    7   10    5 
   6
 157  284  318  568  748  995 
   7    8    9    9    3    4 
   6
 440  467  576  642  645 1000 
   1    6    1    8    4    5 
   6
  11  149  708  735  829  924 
   3    3    4    6    2    9 
   6
 368  494  706  736  743  980 
   2    2    7    7    4    6 
   6
  98  292  303  399  589  685 
   9    8    8    3    2    1 
   6
  47  218  260  323  327  678 
   3    7    7    6    3    5 
   6
 172  311  491  852  914  971 
   3    9    8    9    2    1 
   6
 304  305  430  432  661  944 
   9    5    8    1   10    7 
   6
  19  413  435  778  802  875 
   7    3    8    6    4    6 
   6
  74  309  370  518  707  708 
   5    9    4    6    6   10 
   6
 285  450  552  619  699  759 
   3    2    3    4    7    7 
   6
  80  135  157  439  705  910 
   1    7    3    9    6    2 
   6
 316  434  449  698  705  993 
   5    2    3    4   10    6 
   6
  28   39  198  233  351  985 
   6    2   10    5   10    8 
   6
 139  418  605  746  752  956 
   3    8    1    9    5   10 
   6
 124  207  354  425  573  720 
   3    8    7   10    7   10 
   6
 605  638  724  778  987  993 
   6    8    1    1    8    1 
   6
 128  274  315  384  544  632 
   9    9    9    7    5    1 
   6
 136  445  448  540  799  851 
   3    1    4   10    7    3 
   6
 226  498  547  586  636  808 
   4    9    2    4    5    8 
   6
  19   35  440  609  799  876 
   3    8    3    9    1    2 
   6
 114  320  623  640  963  988 
   3    2    8   10   10    8 
   6
  83  453  581  616  636  796 
  10    8    9    9    9    5 
   6
 116  117  299  324  413  852 
   3    7    3    5    8    1 
   6
 121  387  486  532  566  711 
   8    3    8   10    9   10 
   6
 141  421  422  621  925  975 
   2    9    8    8    6    9 
   6
 282  492  587  860  905  981 
   5    4    2    5    3    7 
   6
  17   39  259  421  689  964 
   5    2    3    4   10    5 
   6
  39   49  383  678  712  781 
   2    7    4    2    1    1 
   6
 249  275  339  447  462  612 
   9    4    8    6    3    9 
   6
 362  409  607  880  927  965 
   9    6    9    8    4    3 
   6
  66  211  223  497  758  812 
   6    9    1    9    2   10 
   6
 153  189  299  321  375  433 
   2    2    8    3    8    9 
   6
   4  198  461  772  840  926 
   3    8    7    8    3    8 
   6
   3  312  560  666  831  866 
   6   10    2    3   10    9 
   6
 218  393  515  620  687  861 
   7    8    4   10    1    9 
   6
  38  157  310  373  468  950 
   4    7    1    2    3    9 
   6
  91  123  178  450  830  979 
   9   10    1    3    4    4 
   6
  26  116  212  290  781  819 
   7   10   10    7    3    3 
   6
  26   57  556  698  790  878 
  10    4    3    6    2   10 
   6
 477  549  672  692  699  994 
   6    3    9    9    7    5 
   6
  26  109  182  344  365  985 
   8    3    2    2    7    6 
   6
   8   64  647  773  878  904 
   4    7    8    4    2    3 
   6
 209  583  590  808  853  980 
   8    8    1    7    7    5 
   6
 200  681  827  887  918  937 
   3    5    4    4    5    9 
   6
   2   27  388  604  653  990 
   9    6    1    8    8    2 
   6
 108  353  535  563  952  968 
   6    1   10    3    4    5 
   6
 201  347  561  670  699  816 
  10    5    1    1    4    8 
   6
  55  178  354  493  756  863 
   6    4    1    8    9    6 
   6
  26  378  466  615  890  955 
   4    7    2    7    5    9 
   6
 150  490  498  710  854  927 
   5    7    2    9   10    5 
   6
  21   85  181  683  773  916 
   2    1    8    9    3    2 
   6
 186  292  660  696  847  946 
   3    6    1    3    9    5 
   6
 207  583  678  852  916  994 
   9    7    5    8    1   10 
   6
  28   41  285  312  856  945 
   4    3    3    8    1    8 
   6
   8  194  287  475  507  772 
   4    9    6    2    1    4 
   6
  13  279  627  710  794  879 
  10    7   10    5   10    9 
   6
  32   37  219  288  314  946 
  10    6    3    2    2    7 
   6
  27  343  390  573  809  837 
   8    2    2    4    4   10 
   6
 212  301  330  391  792  927 
   4    5    2    2    4    7 
   6
   1  526  597  689  744  891 
   7    8    4    4    9    8 
   6
 127  224  406  540  563  579 
   8    5    2    1   10    5 
   6
 193  347  627  727  777  923 
   6    6    9    2    1    6 
   6
  22  377  390  706  813  827 
   1    1    1    7    5    8 
   6
 123  290  364  603  606  917 
   5   10    5    9    8    7 
   6
 126  338  650  789  802  903 
  10    5    5    9    9    1 
   6
 427  485  665  695  834  951 
   6    6    5   10    7    7 
   6
  33  204  420  432  598  776 
   9    4    8    9    4    6 
   6
 215  263  288  340  398  824 
   2    1    8    6    5    1 
   6
 189  258  419  480  530  663 
   8    3    4    8    5    5 
   6
 166  350  454  528  805  933 
   3    6    9    1    5    2 
   6
   1  164  423  558  600  769 
   2    5    9    4    3    1 
   6
  42   44  162  345  399  570 
   1    1    6    9    4    4 
   6
 161  550  692  767  796  846 
   1    4    9    1    2    7 
   6
  40  145  294  580  792  841 
   2    9    1    5    3    3 
   6
 206  333  392  517  624  626 
   9   10    6    9    6    8 
   6
   9  370  663  729  751  861 
   4    2    7    8    4    8 
   6
  87  221  527  738  747  946 
   4    1    4    4    3    8 
   6
 106  280  288  336  438  906 
  10    7    5    7    7    2 
   6
  79  293  316  422  539  900 
  10    8    8    9    1    8 
   6
 169  394  763  821  840  929 
   6   10    6   10    2    2 
   6
  36  270  382  561  758  899 
   1    6    3    5    1    5 
   6
 302  434  454  646  704  712 
   2    9    3    5    6    1 
   6
  43   99  849  861  878  879 
   9    5    3   10    9    4 
   6
  73  226  407  542  810  867 
  10    6    9    3    2   10 
   6
  60  256  724  734  860  968 
   2    2    1    3    3    6 
   6
 144  212  270  307  424  800 
   9    8   10    1    1    5 
   6
 565  643  785  895  897  948 
  10    6    2    5    9    3 
   6
 121  237  264  491  912  972 
   8    4    2    5   10    1 
   6
  90  432  542  648  783  826 
   5   10    2    3    2    3 
   6
  36  278  322  525  798  889 
  10    8    3    7   10    6 
   6
  93  120  417  430  527  829 
   3    5   10    6    2    4 
   6
  22  157  235  376  415  863 
   7    2    1    3    6    6 
   6
 467  502  571  635  761  803 
   7    5    3    3    9    6 
   6
 107  131  631  735  834  913 
   4    3    9    2    8    3 
   6
 101  497  539  644  647  967 
   7    4    4    9    6    2 
   6
 608  619  659  755  770  982 
   7    9    6    4    3    3 
   6
 169  311  432  578  684  914 
   7    3   10    2    8    1 
   6
 103  223  564  668  752  965 
  10    5    7    5   10    6 
   6
  44  147  208  538  614  984 
   7    8    5    2    5    1 
   6
  82  189  224  718  769  905 
   9    7    5    5    2   10 
   6
  10  402  455  560  652  688 
   7    3    7    2    6    8 
   6
  33   53  557  580  786  805 
   6    7    5    3   10    1 
   6
 244  446  645  714  716  929 
  10    8    8    7    1    1 
   6
  81  211  253  601  644  782 
   6    9    3    9    3    5 
   6
 147  200  208  308  866  966 
   3    4   10    1    7    7 
   6
 122  165  396  704  761  932 
   8    4    6    4    9    5 
   6
 370  397  462  789  818 1000 
   9    6    1    6    9    8 
   6
  20  115  160  431  569  582 
   9    6    3    4    1    4 
   6
 304  605  766  798  862  878 
   3    3    5    1    6    1 
   6
 187  193  256  457  523  626 
   1    9    1    3    8    5 
   6
 120  129  156  282  648  975 
  10    6    5    4    1    2 
   6
 281  580  715  739  902  907 
   8    8    8    7    2    9 
   6
 215  340  754  870  909  969 
   3    1    4   10    2   10 
   6
 236  237  431  530  780  943 
   9    8    3    2    2    2 
   6
  31  106  109  180  517  830 
   1    5    3    3    2    3 
   6
 112  114  361  508  519  727 
   5    8    4    2    2   10 
   6
  26  119  195  296  668  759 
   4    2    9    9    8    5 
   6
  14   45  295  526  534  868 
   5    9    2   10    9   10 
   6
  74  208  302  416  476  978 
   7    5    9   10    1    5 
   6
 187  323  357  366  743  923 
   9    7    5    6    8    4 
   6
  39  109  311  449  482  687 
   7    8    1    4    5    7 
   6
 247  492  570  673  803  825 
   7    9    7    7    9    1 
   6
 410  450  474  734  916  934 
   8    8    2    3    3    3 
   6
  25  428  883  906  943  983 
   2    9    3    1    9   10 
   6
 171  249  293  457  776  921 
   4    5    1    1   10    6 
   6
  12  106  170  185  659  879 
   2   10    3    1    7    3 
   6
  76  140  175  255  325  394 
   1    1    7    1    2    3 
   6
 122  142  375  529  541  764 
   4    8    6    6    6    1 
   6
  91  144  268  426  617  818 
   4    6    1    3    6    1 
   6
 110  274  406  516  785  982 
   1    4    2    4    3    5 
   6
 201  313  648  651  740  759 
   4    6    6    8    4    8 
   6
  63  327  361  363  444  988 
   7    6    9    5    6    8 
   6
 185  393  426  698  787  888 
   8    6   10    2    4    1 
   6
 183  353  476  733  811  970 
   4    5    3    4    3    8 
   6
 160  352  464  592  730  958 
   1    1    8    1   10    5 
   6
  34  175  330  427  523  917 
   2    7    6    8    4    5 
   6
  13  467  486  681  691  961 
   8    6    8    4   10    7 
   6
 287  478  520  680  762  790 
  10    6    6    2    7    8 
   6
  96   98  160  431  536  844 
   9    5    8    2    1    2 
   6
 110  163  198  383  691  938 
   2    9    8    2    2   10 
   6
 248  641  754  874  900  909 
   7    4   10    1    4   10 
   6
 101  131  340  404  612  974 
   5    5    2    4    5    5 
   6
 146  471  504  541  664  955 
   2   10    5    9    9    5 
   6
 391  602  729  776  849  965 
   3    7    3    2    3    9 
   6
  54  101  447  658  770  990 
   5    1    2    6    3    7 
   6
   8  596  617  898  946  963 
   1   10    8    1    3    5 
   6
 331  389  488  556  847  964 
  10   10    5   10    1    5 
   6
  97  443  577  835  955  999 
   9    4   10    2    3    5 
   6
 197  513  545  616  966  978 
   2    1    4    4    8    8 
   6
  20  143  253  310  678  769 
   2    8   10    4    8    7 
   6
  23  261  748  843  880  932 
   2    8    9    1    4    5 
   6
 135  303  322  472  485  998 
   2    4   10   10    2    6 
   6
 319  459  646  695  779  840 
   2    2    7    5    3    3 
   6
 141  208  261  518  557  607 
   2    9    7    7    7    2 
   6
  46  245  506  557  634  714 
   7    9    2    7    9    3 
   6
 213  290  702  719  749  962 
   6    5    9    1    8    8 
   6
  30  178  380  429  487  739 
   6    5    8    4    4    7 
   6
  48  291  423  440  451  746 
   4    2    1    3   10   10 
   6
 208  251  349  457  610  994 
   5    2    6   10    8    1 
   6
  77  364  459  750  934  950 
  10   10    3    1    5    5 
   6
  73   84   88  496  877  993 
   5    2    8    4    2    2 
   6
 163  344  389  480  640  905 
   5    2    8    3    8    6 
   6
 180  337  356  508  583  882 
   3    7    4    8    2    9 
   6
 304  363  407  722  781  973 
   2    2    4    5    3    4 
   6
 246  377  586  731  772  779 
   7   10    5    9    8   10 
   6
  90  188  463  608  666  805 
   3    4    8    8   10    6 
   6
 251  369  532  744  788  924 
   7    4    4    6    6   10 
   6
  67  118  204  218  385  509 
   5    7    1    2   10    6 
   6
 308  504  561  592  609  628 
   1    3    1    8    8    6 
   6
 190  251  505  596  730  801 
   6    3    5    6    9    7 
   6
 222  351  426  463  512  780 
   5    9    5    3    8   10 
   6
  65  280  348  675  814  881 
   4    3    3    1   10    6 
   6
  72  155  383  578  579  885 
   9    6    4    7   10    3 
   6
 268  484  589  627  659  809 
   8    2    5    7    4   10 
   6
 158  265  352  475  480  497 
   7   10    5    4    9    1 
   6
  15   17  176  429  431  952 
   2   10    8    4    9    3 
   6
 110  153  199  203  246  553 
   9   10    7    7    2   10 
   6
  43  431  488  673  837  994 
   7    3   10    1    1    4 
   6
  31  195  278  507  530  704 
   1    6    9    5    6    6 
   6
 347  414  441  519  674  716 
   1    4    4    3    2    2 
   6
  36  102  601  653  663  857 
   3    3   10    2    6    2 
   6
  46  735  738  779  805  880 
  10   10    2    9    1    2 
   6
 290  752  779  822  959  960 
   8    9    4    3    1    2 
   6
  85  596  619  726  847  878 
   2    9    7    8    4    2 
   6
  70  262  490  654  868  950 
   1    1    4    4    6    1 
   6
 102  268  289  343  572  859 
   4   10    2    8    2    9 
   6
  46   56   60  257  321  820 
   6    5    4    4    4    3 
   6
 252  311  398  415  588  630 
  10    7    6    2    2    9 
   6
 293  441  531  615  869  973 
   4    5    1    9    3    6 
   6
 296  328  510  590  625  992 
  10    1    7    6    7    9 
   6
 139  300  348  505  602  740 
   4    1    3   10    8    4 
   6
  78  171  379  554  829  900 
   8    6    1    5    1    6 
   6
 146  245  298  528  786  919 
   8   10    7    8    6   10 
   6
 258  265  518  575  745  993 
   3    8    7    5    5    9 
   6
  63  140  255  628  641  756 
   2    6    2    8    8    8 
   6
 150  179  222  387  428  638 
   8    7    9    5    4   10 
   6
   8  115  125  371  439  630 
   2    3    2    9    1    5 
   6
 140  162  190  225  267  642 
   6    4    7    9   10   10 
   6
  33   55  327  649  783  954 
  10    1    1    9    5    5 
   6
  54  203  278  488  624  942 
   5    4   10    8   10    6 
   6
  11   94  148  389  673  783 
   6    1    9    3    9    9 
   6
  37  271  407  611  624  842 
   6    5    9    4    3    1 
   6
 200  268  488  620  651  777 
   2    6   10    8    8    5 
   6
 659  775  837  888  951  972 
  10    8    4    6    3    3 
   6
 310  334  410  463  525  646 
   3    3    8    4    5    8 
   6
 242  279  566  658  682  808 
   4    5    1    8    7    2 
   6
 235  533  612  671  761  972 
   3    4    1    3    1    5 
   6
  63  100  335  531  611  738 
   1    7    9    4    3    3 
   6
 218  561  636  722  796  858 
   8    2    6    3   10    6 
   6
  18   59  151  567  774  820 
   9   10   10    5    2    1 
   6
 289  374  478  643  808  946 
   4    6   10   10    9    8 
   6
  14  133  354  657  953  985 
   2    4   10    6    6    3 
   6
 148  330  470  809  837  944 
   5    3    7    2   10    6 
   6
 124  142  266  470  521  707 
   8    9    5   10    9    2 
   6
  35  234  418  483  514  947 
  10    7    4    9   10    1 
   6
 384  592  649  656  672  784 
   7    6    2   10    9   10 
   6
 299  305  506  545  687  790 
   7    4    8    3    7    3 
   6
 137  388  474  605  702  793 
   6    8    8    5    2    1 
   6
  19   43  171  348  368  555 
   2   10    7    7    1    3 
   6
 261  280  401  747  749  819 
   1    2    1    2    1    3 
   6
 151  388  535  554  760  832 
   1    8   10    3    7    5 
   6
   2  214  565  644  740  933 
   2    2    2   10    5    7 
   6
  21  110  499  674  688  889 
   8    2    3    9    5   10 
   6
   4  120  317  435  436  525 
   2   10    4    5    4    2 
   6
  79   84  338  473  572  821 
   9    2    9    5    5    6 
   6
 132  170  357  495  960  962 
   5    1    7    3    1    3 
   6
  12  128  242  531  758  816 
   6    4    6    8    6    4 
   6
 108  210  358  698  863  936 
   5   10    9    9   10    7 
   6
 108  126  265  686  721  976 
   8    1   10    5    6    3 
   6
  14   43  274  512  729  976 
   1    8    8    6    8    9 
   6
  70  170  544  726  746  755 
   7    7    1    4    5    7 
   6
  41   49  276  281  376  390 
   5    6    7    5    9    6 
   6
  14  402  437  541  776  799 
   9    4    9    3    2    1 
   6
 175  196  418  510  514  646 
   2    9   10    2    8    1 
   6
  61  123  241  313  435  961 
   2    2   10    6    1    8 
   6
 460  527  802  847  949  982 
   9   10    5    5   10    8 
   6
  68  312  424  627  766  918 
   7    3    8   10    2    7 
   6
  62  528  550  655  819  856 
   7    7   10    4    3    5 
   6
  97  233  537  543  595  973 
   2    4    8    4    8   10 
   6
 118  221  332  533  586  924 
   7    9    6    4    7    7 
   6
 427  526  562  654  669  740 
   6    8    4    2    4    9 
   6
  51  107  182  381  668  836 
   9    4    1    1    9   10 
   6
  14   88  168  171  480  525 
   8   10    5    6    7   10 
   6
 250  294  372  528  543  685 
  10    1    6    8    2    1 
   6
  17   61  183  254  437  959 
   6    1    5    3    5    1 
   6
 153  191  222  577  673  896 
   7    1    9    1    7    6 
   6
 201  233  402  550  810  820 
   6    9    2    3    2    9 
   6
 133  170  425  633  703  909 
   8    9    2    5    7    6 
   6
  79  604  650  667  686  750 
   3    8    4   10    3    8 
   6
 401  748  753  773  842  907 
   9    5    7    8    3    8 
   6
 204  345  481  651  911  971 
  10   10    9    6    1    9 
   6
  68  269  301  580  638  783 
   1    1    8    6    8    3 
   6
 287  499  574  674  692  932 
   1    2    7    1   10   10 
   6
  55   71  168  732  856  881 
   4    9    6    9    5    1 
   6
 129  267  286  437  762  900 
   5    4   10    9    7    3 
   6
 239  333  371  464  742  872 
   3    6    4    8    4    3 
   6
 160  503  522  551  602  908 
   4   10    4    5    3    6 
   6
  16   76   92  408  895  984 
   3    3    6    6    5    6 
   6
 157  268  455  745  839  844 
  10    8    9    9    5    3 
   6
  72  312  465  511  521  710 
   1    3    5    5   10   10 
   6
  52  137  181  235  258  572 
   6    6    2    4   10    3 
   6
  66  131  376  681  831  985 
   2    4    7    5    5    4 
   6
 177  404  608  673  879  941 
   3   10    7    2    1    1 
   6
  52  286  584  618  879  922 
  10    4    5    6    2    1 
   6
 271  306  398  422  833  931 
   7    5    2    2    7    8 
   6
 180  216  256  448  852  922 
   6    6    5    6    8    3 
   6
 177  218  304  540  717  842 
   8    1    5    4   10    5 
   6
  12  288  523  693  723  843 
  10    5    3    9    5    5 
   6
 283  378  479  726  794  840 
   6    3    3    3    6    9 
   6
 403  496  553  652  801  845 
   9    7   10   10    7    8 
   6
  13  252  354  381  679  791 
   4    8    1    4    4    2 
   6
 176  185  362  401  742  781 
  10    5    5    8    5    6 
   6
  57  112  318  594  690  809 
   7    1    5   10    6   10 
   6
 223  305  499  679  694  830 
  10    8    6    9    1    8 
   6
 104  181  444  635  702  947 
   2    1    2    5    1    9 
   6
  28  462  688  784  900  903 
   5    2    3    1    3    5 
   6
 205  458  511  860  885  935 
   5    4    5    4    6   10 
   6
   3    9   89  268  683  838 
   8    4    6    4    4    5 
   6
 250  457  554  721  807  983 
   8    4    7    9    2    4 
   6
  79  121  321  368  925  926 
   2   10   10    3    3    9 
   6
  58   83  146  236  326  635 
   9    4    4    3    3   10 
   6
  67  270  328  596  815  845 
   1    7    6    2    5    8 
   6
 153  238  385  484  662  733 
  10    6   10   10    5    4 
   6
  87  158  240  628  699  739 
   1    9    5    8    6    5 
   6
 248  374  413  631  636  722 
   3    2    1    9    4    7 
   6
 272  472  670  792  826  932 
   2    6    2    3    5    8 
   6
 341  588  619  656  820  975 
   9    9    3    4   10    4 
   6
   1    5  217  317  795  954 
   2    8    3    4    1    6 
   6
 351  355  709  737  908  958 
   5    2    8    6    3    4 
   6
  19  114  119  186  266  664 
   3    6    1    7    1    9 
   6
  31  459  634  670  694  712 
   4    2    6    7    8    8 
   6
  23   39  329  386  717  828 
   8    7   10    7    8    8 
   6
   9  161  175  180  414  573 
   7   10   10    4    1    9 
   6
 272  296  329  489  741  841 
   7    2    5   10    2    7 
   6
  81  113  156  158  237  682 
   2    7    7    5    7    5 
   6
  23  296  342  372  672  886 
   9    8    5    7    7    9 
   6
  14  560  708  712  857  890 
  10    8    6    1    2    9 
   6
 216  224  736  749  855  874 
  10    7    5   10    1    4 
   6
 222  285  357  654  687  696 
   1    6    6    1    6    4 
   6
 108  111  302  321  340  490 
   1   10    2    6    9    7 
   6
 106  177  199  223  372  529 
   1    5    5    8   10    3 
   6
  84  195  265  297  450  848 
   9    1    4    8    5    6 
   6
  19   61  121  415  677  844 
   3    2    5    9    7    5 
   6
 172  445  487  671  697  803 
   2    2   10   10    5    8 
