  53
   2    3    4    5    6    7   11   14   15   18   20   23   24   31   35   49   64  124  137  151  201  228  240  242  262  265  299  300  308  325  374  448  460  484  490  511  521  529  573  594  635  723  729  751  755  764  799  816  839  867  935  960  966 
   1    1    1    1    1    1    1    5    2    1    1    4    1    2    2    1    1    1    1    1    1    1    2    2    1    1    1    5    1    2    1    3    1    1    1    1    1    1    1    5    1    1    1    1    1    2    1    1    1    3    1    2    1 
  50
   1    3    4    5    6    7   11   13   16   20   26   27   29   51   70   73   75   79   81   86  108  137  140  174  189  197  199  204  231  253  288  360  378  408  458  548  626  651  732  746  754  757  776  787  882  893  898  905  943  948 
   1    1    1    1    1    1    1    1    1    1    1    1    1    1    1    1    1    1    1    4    1    1    2    1    1    1    1    1    1    1    1    1    1    1    2    1    1    3    1    1    5    1    2    1    6    1    1    1    7    1 
  75
   1    2    4    5    6    7    8   10   11   16   17   27   30   36   41   43   45   46   57   58   83   88   97  107  116  121  122  126  135  138  149  160  197  215  226  237  245  271  275  285  286  292  317  333  334  346  384  389  407  422  446  449  452  467  471  488  495  498  505  516  520  541  573  589  597  695  728  741  759  795  808  839  861  871  911 
   1    1    1    1    4    1    3    1    1    1    1    2    1    1    1    1    1    1    1    2    5    1    1    1    1    1    1    1   14    1    5    1    1    2    1    1    1    2    1    2    1    1    1    1    1    1    1    2    1    1    1    2    1    1    1    1    1    1    1    1    1    1    1    1    1    1    2    1    1    1    1    1    1    1    1 
  78
   1    2    3    5    6    7    8    9   10   13   14   21   22   25   28   50   53   58   63   75   80   81   83   89   98  119  140  145  151  155  157  169  176  182  188  200  202  206  211  212  256  279  289  290  313  329  339  392  398  414  421  429  451  479  487  516  518  528  548  575  590  597  606  630  638  674  675  677  691  694  700  748  755  797  808  937  965  988 
   1    1    1    1    1    1    1    2    1    2    1    3    1    1    2    1    1    1    1    1    1    2    1    1    1    3    1    1    1    1    1    1    8    1    1    1    5    1    1    1    1    1    1    1    1    1    1    1    1    1    1    1    1    1    1    1    1    1    1    1    1    1    1    1    1    1    1    1    1    1    1    1    1    2    1    1    1    1 
  58
   1    2    3    4    6    7   12   16   18   20   30   35   36   41   70   74   90  130  131  137  145  158  179  185  226  255  258  278  280  311  342  368  445  458  459  469  474  479  510  525  544  578  584  601  621  635  645  665  715  770  778  811  818  835  900  982  987  994 
   1    1    1    1    1    3    5    1    4    1    1    1    5    2    1    1    1    2    1    1    1    1    1    2    1    1    2    2    2    3    1    1    1    1    1    1    1    1    1    1    1    1    3    1    1    2    2    1    1    1    1    2    1    1    1    1    1    1 
  79
   1    2    3    4    5    7   10   12   15   17   24   30   37   46   50   56   63   64   69   77   79   80   82   85   90  100  102  108  117  120  129  134  148  149  158  159  162  176  179  185  199  200  210  217  219  222  286  314  345  356  359  377  391  392  394  423  448  450  453  458  464  470  502  503  541  592  632  650  698  722  734  749  759  763  869  908  911  926  960 
   1    1    4    1    1    1    2    5    1    1    1    1    1    1    1    1    1    1    1    2    1    1    2    1    2    1    1    1    1    1    1    1    1    1    1    1    1    1    1    1    1    1    4    1    1    1    1    1    1    1    1    1    1    1    1    1    1    1    1    1    1    1    1    1    1    1    1    1    1    1    1    1    1    1    1    1    1    1    1 
  66
   1    2    3    4    5    6    8    9   13   19   24   26   32   33   34   35   55   58   61   65   74   84   88   94  100  106  122  129  132  138  169  180  184  186  198  203  211  216  221  252  331  371  376  386  438  457  517  526  538  561  565  585  603  665  676  708  724  736  830  831  846  898  904  924  925  954 
   1    1    1    1    3    1    1    1    1    1    1    2    1    1    1    3    1    3    1    1    1    1    1    1    1    4    1    3    1    8    1    3    2    1    1    1    1    1    1    1    1    1    3    1    2    3    1    1    1    1    1    1    1    1    1    1    1    1    6    3    1    1    1    5    1    1 
  42
   3    4    7    9   12   21   22   34   41   44   49   61   91  112  115  136  166  177  186  251  256  272  282  291  292  296  318  369  396  414  437  466  488  566  603  685  766  812  916  917  974  981 
   3    1    1    1    1    1    1    1    1    1    1    1    1    1    1    1    2    1    1    1    4    1    3    1    1    1    1    2    1    3    1    1    1    1    1    1    1    3    1    6    1    1 
  20
   4    7    8   37   38   76   80  108  110  123  128  237  250  302  338  340  494  674  795  889 
   2    1    1    2    1    1    2    1    2    1    1    1    1    1    1    1    1    1    1    1 
   8
   3    4    6  214  225  520  536  886 
   1    1    2    1    1    1    1    2 
  30
   1    2    3   14   26   49   67   68   72  104  159  161  163  195  201  231  232  257  304  378  390  404  433  521  602  630  699  758  894  917 
   1    1    1    1    1    2   25    1    2    1    1    1    3    1    2    1    1    1    2    1    1    1    4    1    1    7    1    1    1    1 
  30
   5    6    8   19   36   39   44   48   72   78   91   95  131  141  161  162  181  206  225  295  298  347  349  368  403  438  747  896  907  996 
   5    5    1    1    1    1    1    1    1    1    1    1    1    1    1    1    1    1    1    1    1    1    1    1    1    1    1    1    1    1 
  13
   2    4    7   17   96  177  315  402  483  566  592  718  733 
   1    2    1    1    1    1    1    2    1    1    1    4    1 
  46
   1    4   11   15   18   19   21   32   38   43   44   47   59   72   92   93   99  109  114  135  139  147  168  181  187  247  262  320  348  424  483  523  551  556  600  653  693  697  726  778  788  878  933  949  993  997 
   5    1    1    1    1    1    1    1    3    1    1    1    1    1    1    1    1    3    1    1    1    1    1    1    1    1    2    1    1    1    1    1    1    1    1    1    1    1    1    1    1    3   11    2    1    1 
  25
   1    6   14   85   87  237  249  299  309  320  327  332  423  451  496  527  581  624  677  770  771  857  927  931  964 
   2    1    1    2    1    1    1    1    3    2    2    3    1    2    1    1    1    2    2    1    1    1    1    1    2 
  15
   2    3    5   45   67   84  119  233  426  489  609  629  692  924  984 
   1    1    1    1    1    1    1    1    1    5    1    1    2    2    1 
  13
   3    6   13   23   54  118  326  381  424  518  583  616  673 
   1    1    1    1    1    2    1    1    2    1    1    1    1 
  36
   1    5   14   25   27   29   31   37   51   66   68   87  107  157  182  207  217  252  262  338  435  474  501  504  522  577  632  704  722  739  742  841  872  874  886  903 
   1    4    1    1    1    1    1    1    1    1    1    1    1    1    2    1    8    1    1    1    1    1    1    1    1    1    1    3    1    1    1    2    1    1    1    2 
   6
   7   12   14  263  345  348 
   1    1    1    2    1    1 
  45
   1    2    5   23   25   38   42   47   54   76   87  107  118  122  133  156  169  175  194  200  214  220  221  229  230  238  247  251  266  344  357  367  418  490  519  564  627  634  721  729  731  743  885  938  956 
   1    1    1    1    1    1    1    2    1    1    1    1    2    1    2    1    1    1    1    1    3    1    1    1    1    1    1    1    2    2    1    1    1    2    1    1    1    1    1    3    1    1    1    1    1 
  24
   4    8   14   22   53   71   96   99  249  280  284  402  503  535  613  633  664  749  768  806  913  934  951  991 
   3    1    1    3    1    5    1    1    1    1    1    1    1    1    1    1    1    1    1    1   14    1    1    1 
   8
   4    8   21  270  395  472  658  828 
   1    1    3    1    2    1    1    1 
  22
   1   17   20   39   57  114  168  180  274  283  329  350  362  368  429  570  617  663  679  826  849  982 
   4    1    1    1    1    1    1    1    1    1    2    2    1    1    1    3    1    1    1    1    1    1 
  20
   1    6    7   31   81   97  138  150  154  296  381  476  489  542  600  614  735  800  836  878 
   1    1    1    1    1    1    3    1    2    1    1    1    2    1    2    1    1    2    1    1 
  18
   4   18   20   28   32   33   34   86  194  234  316  365  413  496  538  545  794  950 
   1    1    1    1    1    1    4    1    1    1    4    1    1    1    2    3    1    1 
  22
   2    7   11   33   76  100  103  111  153  167  179  197  208  308  462  500  531  627  725  775  807  976 
   1    2    1    1    6    3    2    1    6    2    1    1    1    1    1    1    1    1    2    3    1    1 
  44
   2    3   18   28   29   39   40   57   59   61   62   65   70   78   84   85  103  113  125  133  161  174  227  310  323  331  352  439  444  456  461  489  536  550  752  801  820  853  872  879  892  909  938  945 
   1    2    1    1    1    1    1    1    1    1    1    1    1    1    1    1    1    3    1    1   12    1    1    1    1    1    1    1    1    1    3    1    1    1    1    1    2    1    1    1    1    1    1    1 
  14
   4   25   27   42   45  105  112  143  177  393  512  591  602  620 
   2    1    1    1    1    1    1    1    1    1    1    1    1    1 
  10
   2   18   27  213  380  390  549  758  760  782 
   1    1    1    1    1    4    1    7    1    1 
  20
   3    5    6  115  120  130  135  148  219  231  279  380  395  588  605  727  748  867  886  979 
   1    1    1    1    1    1    1    1    1    1    1    2    1    1    1    1    1    1    1    1 
  32
   1   18   24   55   60   65   69   71   93   97  142  171  185  192  199  203  212  239  249  252  263  273  343  373  463  508  537  624  703  761  876  964 
   2    1    1    1    5    1    1    1    1    1    1    1    2    1    1    1    1    1    1    1    2    1    1    4    1    1    1    1    1    1    1    1 
  13
   7   14   25   42   82  217  225  248  427  509  765  773  799 
   1    1    1    1    1    3    3    1    1    1    1    1    1 
  15
   7   25   26  125  152  219  229  276  286  311  428  615  625  659  711 
   1    1    1    1    1    1    1    1    1    1    1    1    1    1    1 
  11
   7    8   25   47   54   77  343  397  415  501  828 
   1    1    4    2    1    1    1    1    1    1    1 
  10
   1    5    7   40   43   48   53   95  127  278 
   2    1    3    1    1    1    1    2    1    1 
  20
   3    5   12   40   52   99  117  146  223  228  287  322  370  471  636  697  703  762  776  947 
   1    5    1    1    1    1    2    1    1    1    2    8    1    2    1    2    1    1    3    1 
  10
   6    9   18   48   59  420  622  660  902  958 
   1    2    1    2    1    1    1    1    1    1 
  17
   9   14   20   82  127  142  171  172  212  258  263  297  312  441  631  701  849 
   1    3    1    6    1    1    1    3    1    1    1    1    1    1    2    1    2 
  22
  12   23   27   50   55   98  113  136  228  269  270  387  399  413  423  559  654  801  804  868  905  993 
   1    1    1    1    1    1    1    1    1    1    1    3    1    1    1    2    1    4    1    1    1    1 
  23
  27   35   36   46   52   66   73  131  148  171  187  244  254  265  308  324  400  447  533  578  586  714  792 
   1    1    1    2    1    1    1    1    1    2    1    1    1    1    1    1    1    1    1    2    1   11    1 
   5
   3    5    8   52  332 
   1    2    1    1    1 
  12
  20   28   32   64  134  275  287  478  517  552  602  667 
   1    1    1    1    1    1    3    1    1    1    1    1 
  28
   3   14   35   60  103  155  156  165  223  247  283  293  297  301  333  362  370  402  410  418  442  616  649  747  820  961  994  995 
   1    1    1    1    1    1    1    1    1    1    1    1    1    1    1    1    1    1    1    3    1    1    1    1    1    2    1    1 
   8
   8   12   14  133  146  298  869  918 
   1    1    1    1    1    1    1    1 
  10
   3   16   28  187  190  250  316  581  955  977 
   1    1    1    1    1    3    1   61    1    1 
  16
   3    6   40   98  115  126  173  193  224  260  280  302  470  576  650  882 
   1    1    2    1    1    1    3    1    1    1    1    1    1    2    1    1 
  20
  14   20   34   56   60  196  229  287  306  317  341  344  445  475  487  575  644  850  863  946 
   1    2    2    5    1    1    1    1    1    1    1    1    1    5    2    1    1    1    2    1 
  11
  12   35   37  128  139  147  184  255  513  837  842 
   1    1    2    1    1    3    1    1    1    1    1 
   7
   1    8   11   62  144  189  516 
   1    1    2    1    1    1    1 
  12
   4    6   39   51   56   77   90  154  178  600  710  878 
   1    1    1    2    1    1    1    5    1    1    1    1 
  11
   2   18   50  144  160  170  293  519  560  801  821 
   1    1    2    1    4    1    1    1    1    1    1 
  15
  36   40   41  153  216  309  310  334  383  464  511  522  555  562  829 
   1    1    1    1    1    1    1    1    1    1    1    1    1    1    1 
   8
   4   21   35  178  382  419  824  921 
   1    1    1    1    1    1    2    2 
   8
  17   20   34  347  449  496  622  948 
   1    1    1    2    3    1    1    1 
   6
   7   31   39   74  253  552 
   1    1    1    1    1    1 
  10
   6   47   50   66  318  372  700  884  957  969 
   1    5    1    2    2    1    1    1    3    1 
  14
   3   23   27   69   88  274  454  515  587  593  682  734  789  845 
   1    1    1    1    1    1    1    1    1    1    1    7    1    1 
   6
   3    4    7   62   86  173 
   2    1    3    1    1    2 
  21
  14   27   37   75   78   91   94  106  183  238  267  294  302  322  356  452  536  606  657  688  843 
   1    1    1    1    2    1    1    1    1    1    1    1    1    2    1    1    1    3    2    1    1 
  20
  31   43   47   68   93  109  152  153  172  220  300  319  460  485  553  577  586  598  647  910 
   5    1    1    1    1    1    1    1    1    1    1    2    1    2    2    1    1    1    9    1 
  12
   7    8   27   73  104  164  189  443  466  613  683  927 
   1    1    1    1    1    1    1   17    1    1    1    2 
  17
  27   49   58   63   92   96  181  304  358  394  410  482  499  632  671  712  819 
   1    1    1    1    1    1    1    1    1    1    1   86    3    1    1    1    1 
   7
   4    6   62   67  104  234  246 
   1    1    1    1    1    1    1 
   7
   1    6   42  143  236  845  949 
   1    1    1    1    4    1    1 
  12
   7   27   31  170  184  215  224  395  502  736  814  986 
   1    1    1    1    1    1    1    1    2    2    1    1 
   7
  18   40   56  119  240  593  907 
   1    1    2    1    1    1    1 
  11
  11   16   63  121  157  202  438  540  626  664  779 
  25    1    1    1    1    1    2    1    1    1    1 
   6
  11   18   60  101  209  274 
   1    1    1    2    1    1 
  20
   6   31   57   71  118  209  226  243  248  261  354  363  409  508  608  728  746  815  873  973 
   1    1    1    1    1    1    1    1    1    1    2    1    1    1    1    1    6    1    2    1 
  17
   2    5   27  213  259  295  307  421  457  519  628  711  712  769  773  798  858 
   1    1    1    1    1    1    2    2    1    1    1    1    2    1    1    1    2 
   6
  21   31   69  109  125  379 
   5    1    1    1    1    1 
  21
  11   12   14   89  106  111  116  127  139  183  195  276  284  323  371  430  656  718  757  880  929 
   2    1    1    1    1    1    1    2    7    1    1    1    1    2    1    1    2    1    4    1    3 
   8
   2   40   61  116  337  416  582  912 
   1    1    1    1    1    1    1    2 
  14
   5    7   55   89  105  110  159  193  297  318  340  572  607  871 
   1    1    1    1    1    2    1    1    2    1    1    1    1    1 
   8
   2    4   59   92  295  524  610  984 
   1    1    1    1    1    1    1    1 
  11
   9   20   26   79  105  123  195  242  284  510  906 
   1    1    6   12    1    1    1    1    1    1    1 
  16
   6   34   50   95  111  191  243  244  256  338  378  404  563  684  815  817 
   2    1    1   27    1    1    6    1    1    1    1    1    1    1    1    1 
   6
  12   27   59  155  352  604 
   1    1    2    2    1    1 
   8
   2    6   76  112  188  204  353  808 
   1    1   12    1    1    1    1    2 
  10
   4    6    9  163  164  186  301  321  534  783 
   1    1    2    1    1    1    1    1    1    1 
   7
   2    4   24   83  196  383  887 
   1    2    1    1    1    1    2 
  19
   6   32   38  102  207  224  227  315  385  388  407  805  840  870  875  877  890  950  987 
   2    1    6    1    2    1    1    5    1    1    1    1    1    1    2    4    1    1    3 
   5
   3    4   81  172  480 
   5    1    1    1    1 
  11
   7   16   27  136  235  337  589  619  706  827  905 
   1    1    1    1    1    1    1    1    1    1    1 
   7
   6   15   27  204  359  659  894 
   1    2    1    1    2    1    1 
   9
   2   25   58  130  146  176  264  372  670 
   4    1    1    1    1    1    1    2    2 
   9
  15   18   20  101  188  264  504  759  913 
   1    1    1    1    1    1    1    1    2 
   3
   3    7   57 
   1    1    1 
   7
   4   72   74  154  461  698  734 
   1    1    1    1    1    1    1 
   7
   5    6   50   94  141  276  279 
   1    2    1    1    1    1    1 
   6
   8   12   59  126  398  871 
   1    1    1    1    2    1 
   7
  14   62   75  306  429  627  678 
   1    1    1    5    1    2    1 
  13
  14   31   60  113  162  165  166  401  502  539  809  838  908 
   1    1    1    1    2    1    1    1    4    1    1    1    1 
   8
   7   59   90  144  203  335  375  921 
   1    1    1    1    1    1    1    1 
   7
  12   35   77  369  408  459  563 
   1    2   27    1    1    1    1 
  15
  13   21   62  120  201  235  242  290  460  500  556  571  608  637  835 
   1    1    1    1    1    1    1    1    1    1    1    1    1    1    1 
   8
   3   24   31  102  150  182  783  995 
   1    1    1    2    9    1    1    1 
   6
   4   39   46  434  493  514 
   1    1    1    1    1    1 
   3
  14   21   36 
   1    1    1 
   5
   6    7   26  101  220 
   1    1    3    1    2 
   6
  68   87  100  114  741  825 
   2    1    1    2    1    1 
   7
   6   82   97  124  463  564  620 
   1    1    2    1    1    1    1 
  23
  26   27   43  110  152  191  202  206  240  353  363  406  412  441  459  506  534  563  596  669  720  758  766 
   2    1    1    1    1    1    1    1    1    1    1    1    1    3   11    1    2    1    1    3    2    1    1 
  26
  11   61   63  123  129  132  164  192  261  269  277  316  324  399  403  477  591  610  611  648  703  720  852  889  945  955 
   1    1    1    1    2    1    1    2    1    1    1    1    1    1    1    2    1    1    1    5    1    1    1   10    1    1 
   3
  28   74   76 
   1    1    1 
  29
   7   59   72  117  128  241  245  254  273  294  321  366  436  492  497  528  537  590  608  689  693  754  789  861  901  918  947  988  993 
   4    1    1    1    1    2    1    1    3    2    1    4    1    1    2    1    1    1    2    1    1    1    1    1    1    1    1    1    1 
   9
   3   18   20  293  347  365  376  394  675 
   1    1    1    1    1    1    2    2    1 
  11
   2    6    9  168  190  205  307  651  696  895  899 
   1    1    1    2    1    1    1    1    1    1    2 
  12
  14   60   71  283  359  371  397  409  500  790  943  946 
   3    1    1    1    1    1    1    1    1    3    1    1 
   9
   9   74  103  145  207  281  449  848  940 
   2    2    1    1    1    1    1    5    1 
   9
  26   72   77  124  421  559  637  781  860 
   1    1    1    1    1    1    1    1    1 
   7
   8   28   79  167  268  468  531 
   1    1    1    1    2    1    1 
   7
  27   39   93  140  434  686  936 
   3    1    1    1    1    1    2 
   9
  14   23  101  121  156  329  565  566  668 
   1    1    2    1    1    1    1    1    1 
  10
   8   30   46  255  411  443  484  533  811  933 
   1    1    1    1    1    1    1    3    1    2 
  14
   3   72   73  151  288  380  417  515  612  651  689  769  836  910 
   1    1    1    1    1    1    1    2    2    1    1    1    1   14 
   6
   6   36  106  167  677  780 
   1    2    1    1    1    2 
   4
  17   20   69  314 
   2    2    1    1 
  14
   4   16   66  132  163  178  250  277  358  467  714  765  807  974 
   3    1    1    1    1    1    2    1    1    1    1    1    1    1 
   7
   6   30   96  440  721  929  957 
   1    1    1    4    1    1    1 
   4
   3   67  114  166 
   1    1    1    1 
  15
   3    7   20  143  192  198  211  233  236  319  579  636  746  773  797 
   1    1    1    1    1    1    1    1    1    1    1    1    1    4    1 
   5
   9   76  104  526  581 
   1    1    1    1    1 
   7
   1  102  111  158  170  436  583 
   1    1    1    3    1    1    1 
   5
  27   33   71  469  990 
   1    1    1    1    1 
  10
   3   46   91  141  180  303  341  386  641  705 
   1    1    1    1    1    1    1    1    1    2 
   6
  35   38   72  470  609  611 
   1    1    2    2    1    1 
  21
   9   48  106  134  147  208  241  289  403  455  526  541  551  562  585  638  764  923  932  975  988 
   1    1    1    1    1    2    1    1    1    1    4    1    1    1    1    1    1    1    1    1    1 
   3
   6    7  104 
   1    3    2 
   5
   5   30   86  215  406 
   2    1    1    1    1 
   8
   5   12   40  238  328  340  810  959 
   1    1    1    1    1    3    1    2 
   6
   7  104  119  756  768  953 
   1    1    1    1    1    1 
   9
  20   27   44  175  227  393  486  550  733 
   2    1    1    1    1    2    1    1    1 
   4
   6   42  128  866 
   1    1    1    1 
   5
   3   14   30  245  579 
  14    1    1    1    1 
  15
   8   39   84  150  213  303  355  388  564  580  601  672  702  942  989 
   1    1    1    1    1    1    1    2    6    1    1    2    1    1    1 
   8
   1    2    5  267  298  330  387  426 
   1    1    1    2    1    1    1    1 
  10
   3    7   24  239  370  432  451  464  555  675 
   1    8    3    1    1    1    1    1    1    1 
   5
  14   48   72  272  603 
   1    1    7    1    1 
  11
   2    4  113  142  484  515  595  596  621  793  794 
   2    1    1    1    1    1    2    1    1    1    1 
   9
  12   90  126  222  266  416  486  492  661 
   1    1    1    1    3    1    1    2    1 
  10
  31   38  140  174  194  205  257  355  456  879 
   1    1    1    1    1    2    1    1    2    1 
   5
  28   64  122  269  817 
   1    1    1    1    1 
   5
  49   51   94  331  688 
   1    1    1    1    1 
  14
   4    5  110  165  210  305  446  532  557  570  612  616  824  862 
   1    1    1    1    1    1    1    1    1    1    1    1    1    1 
   6
  36   44   86  149  190  834 
   1    1    1    1    1    1 
  17
  14   48  128  173  218  271  312  335  354  411  663  682  693  694  890  895  997 
   1    3    1    4    1    1    1    1    2    1    1    1    1    1    1    1    1 
   8
   6   30   40  345  417  493  767  813 
   1    1    1    1    1    1    1    1 
   6
   3    6  146  433  499  753 
   5    1    1    2    1    1 
  10
  24   97  136  336  406  407  681  686  737  985 
   1    9    1    2    1    1    1    1    1    1 
  14
   1    4  116  193  277  294  351  475  628  639  709  731  761  805 
   1    1    1    1    2    1    1    1    1    1    2    1    1    1 
   3
  33   60  103 
   1    1    1 
   5
  26   52   60  487  655 
   6    1    1    1    1 
   5
  24   50   89  787 1000 
   2    5    1    1    1 
   7
   4   43   78  160  198  465  774 
   1    1    2    1    1    2    1 
   9
  20   43  114  216  385  530  667  760  779 
   1    1    1    1    1    1    8    1    1 
   6
   4   18   67  271  655  766 
   1    1    1    1    1    5 
   7
   5    6  124  364  383  576  849 
   1    1    3    3    1    1    1 
   5
   6   11   74  314  668 
   1    1    1    2    1 
   7
   3   51  155  374  634  788  822 
   1    4    1    1    1    1    1 
   4
  11   12   27  670 
   1    1   12    1 
   8
   6   12   93  236  351  476  652  968 
   1    1    2    1    1    1    1    3 
  12
  11   80  119  175  270  401  544  643  932  939  948  952 
   3    1    1    1    4    1    1    1    1    1    2    1 
   9
  61   80  104  301  328  465  786  897  928 
   1    1    1    1    1    1    2    1    1 
   5
  43   93  145  222  708 
   1    1    1    1    1 
   6
   8   93  121  246  289  707 
   2    1    1    1    1    1 
  14
  26  112  117  253  260  364  386  572  585  730  752  812  859  989 
   2    1    1    3    1    1    1    1    1    1    1    1    1    1 
   5
  14   23  108  547  919 
   1    1    2    2    2 
   5
   4    7   20  417  799 
   1    1    1    3    1 
   6
  51   65  124  209  763 1000 
   1    1    1    1    1    1 
   4
  31   38   40  588 
   1    1    2    1 
   5
  38   60   83  699  821 
   3    1    1    3    1 
   4
  46   58  147  377 
   3    2    4    1 
   8
   2   27  142  288  379  399  966  987 
   1    1    1    1    1    1    1    1 
   7
  20  133  163  604  829  850  968 
   1    1    1    1    1    2    1 
   7
   4    6   86  183  373  497  511 
   8    1    1    1    1    1    1 
  10
   8   13   28  258  303  339  375  543  658  702 
   1    1    1    2    1    1    4    1    1    1 
   6
  50   53  119  447  687  785 
   1    1    1    1    1    1 
  10
   5    6   26  210  230  268  313  382  480  963 
   1    1    1    1    1    1    1    2    1    1 
   5
   7   23  126  261  653 
   3    1    1    1    1 
   6
  12   14   62  568  595  771 
   1    1    1    1    2    1 
   9
   4   18   97  630  727  735  777  822  953 
   1    2    1    1    1    1    1    2    1 
   7
  59   72  176  208  223  344  803 
   1    1    1    1    3    1    1 
   3
   7   48   65 
   2    1    1 
   7
   5    6   31  191  246  367  625 
   2    1    2    2    1    7    4 
   6
   7    8   80  498  532  941 
   1    1    1    1    1    1 
   5
  14   40   45  637  640 
   1    1    1    1    1 
   6
   4   79   87  332  784  978 
   1    1    1    1    1    1 
   4
   2   49   61  374 
   1    1    1    1 
   9
  45  108  146  278  398  435  605  650  816 
   1    1    1    1    1    1    1    1    1 
  16
  77  103  185  232  362  373  405  639  648  685  791  831  862  863  881  964 
   1    1    2    1    1    1    1    1    1    1    1    1    1    1    2    1 
  12
  31  104  122  196  307  315  430  540  592  791  833  867 
   1    2    1    1    1    1    1    1    1   10    1    1 
  11
  46   74  151  260  281  586  762  803  874  875  942 
   1    1    1    1    1    1    1    3    2    1    1 
   6
  20   25  142  507  529  854 
   1    1    1    2    2    3 
  10
  11   72   76  243  530  549  840  876  893  909 
   1    1    1    1    1    1    1    3    3    1 
   6
  47   81  192  335  357  679 
   1    1    1    1    1    1 
   3
   2    3   26 
   1    1    1 
  13
   7  122  155  266  365  420  477  507  621  716  851  931  992 
   1    1    1    1    1    1    1    1    1    2    1    1    1 
  12
   2    6   31  205  218  248  343  501  533  695  720  972 
   1    1    1    2    1    1    1    1    1    1    1    2 
   5
   4    6   20  419  768 
   1    1    1    1    2 
   6
   1   11   96  361  648  920 
   1    2    1    3    1   27 
   7
   4   67  103  214  431  439  661 
   5    1    1    1    1    1    2 
   7
   7   31   94  440  557  562  577 
   1    1    1    2    1    1    1 
   4
   2   79   85  742 
   1    1    1    3 
   8
 108  142  199  221  272  509  652  930 
   1    2    2    1    4    1    1    1 
   9
   4   12  103  241  401  409  481  558  647 
   1    1    1    1    1    1    1    1    1 
  11
  18   82  110  259  309  420  456  494  544  934  935 
   1    2    1    1    1    1    1    1    1    1    1 
   4
  26  128  183  454 
   1    2    1    1 
   5
  68   69  170  218  427 
   1    1    1    1    2 
   7
   6  145  179  230  268  291  825 
   4    1    1    1    1    1    1 
   3
   4    7  122 
   1    1    1 
   7
   4   31   38  349  363  609  856 
   1    1    1    1    1    1    1 
   6
  29   70  136  273  305  369 
   1    1    1    1    1    1 
   7
  10   20  202  346  530  656  925 
   1    3    1    1    1    1    1 
   5
   3   65  130  234  432 
   2    1    1    1    2 
   4
   7   52  156  513 
   1    1    1    1 
   3
   6   18   32 
   1    8    3 
   5
 147  199  209  779  796 
   1    1    1    1    1 
   4
   6   30   33  508 
   1    1    1    1 
  10
  20   60  100  341  349  400  415  522  538  892 
   1    1    2    1    1    1    1    1    4    3 
   9
   7   20  205  232  239  579  870  925  971 
   1    1    1    1    1    2    1    2    1 
   9
   6  141  165  251  290  405  444  593  961 
   1    1    1    1    3    1    1    2    2 
   4
  36   43  183  560 
   1    1    3    1 
   7
  46   65   82  291  387  482  725 
   1    1    1    1    2    1    2 
   7
  10   12   32  310  419  524  906 
   1    1    3    1    1    2    2 
   8
   3    5   69  233  265  275  652  716 
   1    1    1    1    1    1    1    1 
   7
  27   82  133  330  385  678  912 
   1    1    1    1    2    1    1 
   6
   1   36   39  517  568  707 
   1    1    1    3    1    1 
   5
  20   33   47  312  818 
   1    1    1    1    1 
   7
  20  179  210  364  615  973  979 
   1    1    1    2    1    1    1 
   7
   2   11   30  282  598  899  944 
   1    1    1    1    1    1    1 
  10
  11  191  221  257  259  414  661  740  781  949 
   1    1    1    1    1    1    2    1    5    1 
  12
  16  122  226  305  358  472  559  654  792  803  998  999 
   1    1    1    1    1    2    1    2    1    1    1    1 
   6
  25   63  215  235  244  642 
   1    1    1    1    1    1 
   4
  84   96  234  337 
   1    1    1    1 
   8
  64  122  162  333  381  639  646  998 
   4    1    1    1    1    1    1    1 
   3
   3    9   15 
   1    1    1 
   8
  20   59  131  410  425  548  625  687 
   1    1    1    1    1    1    1    1 
   6
  31  138  221  254  439  781 
   1    1    1    1    1    1 
   4
   1   66  103  857 
   2    1    1    2 
  10
 106  128  206  299  352  488  509  844  977  986 
   2    1    1    1    1    1    1    1    1    1 
   5
   1   76   96  824  963 
   2    1    1    1    3 
   9
  69   77  195  396  450  553  578  719  881 
   1    6    1    1    2    6    1    1    1 
   9
  40   77  234  321  671  681  718  751  853 
   1    1    1    1    1    1    1    1    1 
   4
   3  106  135  379 
   1    1    1    1 
   7
  63  166  185  354  366  372  582 
   1    1    1    1    2    1    2 
   3
  14   20   43 
   1    1    1 
   7
  32   69  199  505  512  662  969 
   1    1    1    1    1    2    1 
   5
  15   21   31  598  747 
   1    1    1    1    1 
   4
   9   45  119  624 
   1    3    2    2 
   3
   8   20  222 
   1    1    1 
   6
   7   18   31  466  573  919 
   1    1    1    1    1    1 
   6
   2   55  167  264  714  800 
   1    1    3    1    1    2 
   5
  40  106  239  319  915 
   1    1    1    1    1 
   6
   5   48  115  495  510  777 
   1    1    1    1    1    1 
  11
   4    8   77  296  317  377  431  440  903  910  944 
   1    4    1    1    1    1    3    1    1    1    1 
   8
  11  142  232  285  330  418  551  640 
   1    1    1    1    1    1    1    1 
   7
   5   38  177  367  493  497  961 
   2    1    2    1    2    1    1 
   6
  70  207  232  336  361  897 
   1    1    1    1    1    1 
   8
  46  167  193  281  617  716  834  981 
   1    1    1    1    1    1    1    1 
   8
  69  104  180  267  322  531  691  701 
   1    1    1    1    1    1    1    1 
   5
   1   14   18  282  433 
   1    2    1    1    1 
   3
  19   31   38 
   2    2    1 
   6
  86   87  253  300  619  790 
   1    1    1    1    1    2 
  10
   1   40  226  467  596  653  666  690  844  877 
   1    1    1    1    1    1    1    1    2    1 
   4
  20  141  198  742 
   2    3    1    1 
   3
  59  137  261 
   1    2    1 
   7
 112  179  210  285  311  334  722 
   2    1    1    1    1    1    1 
   5
  39  104  143  431  915 
   1    1    1    2    1 
   5
  22   39  163  669  842 
   1    1    4    1    1 
   3
   3  147  157 
   2    1    1 
   7
   8  139  205  313  326  425  453 
   1    1    4    1    1    1    1 
  12
  31  106  213  320  422  498  793  802  841  855  858  895 
   1    3    1    1    1    1    3    1    1    1    1    1 
   3
  23   57   68 
   1    1    1 
   5
   3   42  226  350  771 
   1    1    1    1    1 
   5
  33   72   90  478  890 
   1    1    1    1    1 
  10
 104  119  151  360  388  391  430  554  670  774 
   1    1    2    1    1    1    1    1    1    2 
   4
   5   35  190  472 
   2    1    1    1 
   9
   4   30   90  490  545  645  786  821  877 
   1    1    1    3    1    1    1    1    1 
   4
   5   21   46  336 
   2    1    1    5 
   3
 110  193  260 
   1    1    1 
   6
   8  231  262  615  640  750 
   3    1    1    1    1    1 
   5
  23   43  109  328  491 
   1    1    1    1    1 
   3
  21   72   76 
   1    1    1 
   5
   3  257  268  765  906 
   2    1    1    1    1 
   6
   3    6   33  306  680  933 
   1    1    1    1    1    3 
  14
  36   42   47  292  342  434  485  486  543  546  641  788  882  983 
   2    3    1    1    1    2    1    1    2    2    1    1    1    1 
   3
   2  116  174 
   1    1    1 
   4
   4  128  166  569 
   1    1    1    1 
   3
   4   96  222 
   1    1    3 
   6
   8  210  224  537  954  963 
   1    1    1    1    1    1 
   5
   3    8  287  687  996 
   1    1    1    1    1 
   3
  43   51  107 
   1    1    1 
   6
  59  106  151  483  796  875 
   1    2    1    1    1    1 
   5
  12   70   75  568  638 
   1    1    1    1    6 
   4
   8   24  256  607 
   1    1    1    1 
   6
  38   43   74  619  644  887 
   1    1    2    1    1    1 
   9
  12   44  137  324  389  558  657  668  866 
   1    1    1    1    1    1    1    2    1 
   7
   1   15  241  304  348  422  920 
   1    1    1    1    1    2   11 
   8
   1   60  264  350  393  571  756  845 
   5    1    1    1    1    1    2    1 
   4
  43   80  164  569 
   1    1    1    1 
  18
   9   46   59  326  327  356  392  397  415  443  549  676  723  775  851  858  859  944 
   1    1    1    2    1    1    1    1    1    1    1    1    1    1    1    1    3    1 
   3
 126  136  177 
   1    1    1 
   5
  11   62  299  325  960 
   2    1    1    1    1 
   4
 145  213  233  435 
   1    1    1    1 
  10
  47   92  286  353  468  699  769  780  843  938 
   1    5    1    1    1    1    3    2    1    1 
   9
  70  108  192  325  426  545  554  641  719 
   2    1    1    1    1    2    1    2    1 
  11
   1   26   40  327  346  355  389  404  507  628  966 
   1    1    1    1    2    1    1    1    1    1    1 
   5
  15   52  207  476  574 
   3    1    1    1    1 
   5
  27   52  225  518  679 
   1    1    1    1    1 
   3
   5   33  268 
   3    1    1 
   6
  38  147  229  504  745  806 
   1    1    1    1    1    1 
   4
   4  179  272  738 
   1    1    1    1 
   5
   6  118  159  427  442 
   1    1    2    1    1 
   7
  13   82  192  323  416  450  915 
   1    5    1    1    1    1    1 
   3
  25   45  104 
   4    1    1 
   5
   3   47  256  366  975 
   1    1    1    4    1 
   4
   8   56   74  928 
   1    2    1    2 
   8
  60  122  254  360  442  618  633  737 
   2    1    1    1    1    1    1    1 
   7
  14   15  273  411  694  796  819 
   1    2    1    1    1    1    2 
   4
  80  106  244  454 
   1    1    1    1 
   6
  36   59  261  375  558  673 
   8    2    1    1    5    1 
   7
  27   72  315  376  567  711  922 
   1    2    1    1    1    1    1 
   5
  40  104  298  342  491 
   1    1    1    1    1 
   5
   1  304  307  457  691 
   2    1    1    1    1 
   4
  17  272  302  361 
   1    1    2    1 
   4
  15  302  308  967 
   2    1    1    1 
   7
 131  164  283  339  396  695  738 
   1    1    1    1    1    1    1 
   7
   4   23  114  405  428  455  696 
   1    2    1    1    1    1    1 
   9
 137  227  257  614  782  786  823  873  959 
   1    1    1    1    1    1    1    1    1 
   5
   7   27  144  561  811 
   1    1    1    2    1 
   5
  15   41  188  424  848 
   3    1    1    1    1 
   6
   3   43  236  461  654  894 
   1    1    1    1    1    2 
   3
   3   52  268 
   1    1    1 
   3
  94  147  196 
   1    1    1 
   7
 150  259  280  351  588  900  958 
   2    1    5    1    1    3    1 
   3
  73   84  235 
   1    1    1 
   5
   9   18   77  499  589 
   1    1    1    1    3 
   8
   4  177  328  547  705  864  900  959 
   1    1    1    1    1    1    1    3 
   6
   9   74  131  692  826  904 
   1    1    3    8    3    1 
   3
  47  126  220 
   1    1    1 
   3
   5  287  324 
   1    1    1 
   6
  31   34  199  571  804  929 
   1    1    1    1    2    1 
   4
  20   47  183  912 
   2    1    1    1 
   3
   6   19  148 
   1    1    1 
   3
   3  214  308 
   1    1    2 
   6
  12   54  107  629  680  996 
   1    2    1    2    1    2 
   7
  14   19  299  432  437  473  985 
   1    1    1    2    1    1    1 
   3
  12  212  220 
   1    1    1 
   4
  23  275  300  357 
   2    1    1    1 
   4
 151  162  336  550 
   1    1    1    1 
   3
  27   78  241 
   1    1    1 
   7
  79  103  306  391  413  726  741 
   1    1    1   18    1    1    1 
   8
  69  147  246  529  623  780  785  836 
   2    2    1    1    1    1    1    1 
   3
 136  142  308 
   1    1    1 
   6
   6   59  302  462  546  941 
   1    1    1    1    1    1 
   5
  20  196  350  540  591 
   1    1    1    2    1 
   4
  62  119  233  854 
   1    1    1    1 
   3
   6   85  109 
   1    2    1 
   9
   2  277  319  408  428  575  704  726  807 
   1    1    1    1    1    1    1    1    1 
   9
 201  259  326  382  436  580  700  806  865 
   3    1    1    1    1    1    2    1    1 
   7
  23   43  191  503  709  713  991 
   1    1    1    1    1    1    1 
   3
  69  103  212 
   1    1    1 
   5
 158  167  230  657  688 
   3    1    2    1    1 
   3
  25  107  198 
   1    1    1 
  11
 106  246  317  412  425  469  525  753  899  901  969 
   4    2    4    1    1    1    1    1    1    1    1 
   3
  20  185  258 
   1    7    1 
   5
   5   12   23  412  437 
   1    1    1    1    1 
   6
   8   95  213  463  478  809 
   2    1    1    2    1    1 
   4
  36   43  138  448 
   1    1    1    1 
   4
   7   72  109  384 
   1    1    1    1 
   5
  56   86  246  597  740 
   1    2    1    1    1 
   8
  31  176  191  447  574  612  816  839 
   4    1    1    1    1    5    3    1 
   3
   1  160  189 
   1    1    1 
   4
  94  177  322  384 
   1    4    1    1 
   3
   7  107  323 
   3    2    1 
   3
   6  173  256 
   1    1    1 
   3
   2   11   77 
   1    1    1 
   5
  71  174  245  495  865 
   1    1    1    1    1 
   3
  29   30  116 
   1    2    1 
   8
  17   24  236  604  763  793  945  978 
   1    1    1    1    2    2    1    1 
   5
  53  179  361  599  825 
   1    2    1    1    1 
   7
  52   81  158  561  607  775  843 
   1    1    1    1    1    1    1 
   4
   3  371  375  481 
   1    1    1    1 
   3
  82  156  227 
   1    1    2 
   6
   7  126  167  749  785  891 
   1    1    1    1    1    1 
   4
  39  137  224  582 
   3    1    2    1 
   5
  82  136  277  613  713 
   1    2    1    1    1 
   4
   3  298  308  390 
   2    1    1    1 
   4
  11   29  389  523 
   1    4    1    1 
   5
   6  277  353  970  981 
   1    1   18    1    1 
   6
   4    6  302  542  802  830 
   1    1    1    1    1    1 
   3
  28  133  300 
   1    2    1 
   5
   6   62  107  400  532 
   1    1    2    1    1 
  13
  22   30   65  468  523  525  658  665  672  754  818  854  986 
   2    1    1    1    2    1    1    1    5    1    1    1    1 
   4
   8  243  328  534 
   1    1    1    1 
   4
  34  109  302  543 
   1    1    1    1 
   5
   4   91  190  539  580 
   1    2    1    1    2 
   3
  39  104  174 
   1    1    1 
   4
  40  220  394  784 
   1    1    1    1 
   4
  93  163  206  876 
   1    1    1    1 
   7
  13   21   43  547  732  932  991 
   2    1    1    1    1    1    4 
   5
  12  104  128  473  914 
   1    1    1    1    7 
   6
  11   77  308  567  642  980 
   1    1    1    4    1    1 
   4
 191  222  329  975 
   1    1    1    2 
   6
 103  130  150  622  730  744 
   1    1    1    1    1    1 
   4
   3   82  150  441 
   1    1    1    1 
   5
   2   95  360  455  926 
   1    1    1    1    1 
   6
  69  109  206  748  847  903 
   1    1    1    1    1    1 
   4
  43   62  238  445 
   1    1    1    1 
   6
 115  147  320  444  452  474 
   1    1    1    1    1    1 
   6
 103  366  368  473  542  940 
   1    1    1    1    1    7 
   7
  25   39  353  462  524  565  998 
   1    1    1    1    1    1    4 
   6
   4    8  232  709  715  840 
   1    3    1    1    1    1 
   5
  34  220  302  475  485 
   1    1    1    1    1 
   5
  73  141  315  480  583 
   1    1    1    3    1 
   5
 116  148  169  802  860 
   1    1    3    2    3 
   7
  20   43  257  535  626  698  745 
   1    3    1    1    1    1    1 
   8
  53  200  225  636  828  841  844  846 
   1    1    1    1    1    1    1    4 
   4
  37  198  207  680 
   1    1    1    1 
   4
   4   70  111  453 
   1    2    1    1 
   4
   3  273  299  979 
   1    1    2    1 
   5
   6   15   39  446  962 
   1    1    1    1    1 
   4
  14   17  332  491 
   1    2    1    1 
   5
 238  272  366  685  837 
   1    1    1    1    1 
   4
  16  137  307  891 
   1    1    1    1 
   4
  32  209  314  643 
   1    2    1    3 
   7
  33  329  360  492  514  599  976 
   1    1    1    1    2    1    1 
   6
   4   23   92  471  479  555 
   1    1    1    1    1    1 
   4
  72  192  277  631 
   1    1    1    1 
   6
 202  256  269  676  774  978 
   1    3    2    1    1    2 
   6
 138  215  348  481  669  704 
   1    2    2    2    2    1 
   5
  11  149  262  482  546 
   4    2    1    1    1 
   5
  98  113  287  930  972 
   1    1    2    1    3 
   4
  18  190  305  984 
   1    1    1    1 
   4
 106  124  361  506 
   1    1    1    1 
   4
   8  348  368  477 
   1    1    1    1 
   3
   7   12   67 
   2    1    2 
   3
  27  202  239 
   1    1    1 
   3
 120  203  256 
   4    2    1 
   4
  38  103  407  660 
   1    3    1    1 
   4
  43  314  319  649 
   1    1    1    1 
   5
  61  115  302  755 1000 
  17    1    1    1    1 
   4
  27  222  411  643 
   1    1    1    1 
   3
   5   47  410 
   1    1    1 
   3
   3  145  423 
   1    1    1 
   5
  40  178  373  556  853 
   1    1    1    1    1 
   3
   1    6  370 
   3    1    1 
   5
   3   54  110  618  745 
   2    3    1    1    2 
   4
   6  243  315  974 
   1    2    1    2 
   3
   4   15  138 
   1    2    1 
  10
   3   59  411  667  710  776  852  868  872  891 
   1    1    1    1    2    1    2    1    1    1 
   4
   6  272  421  512 
   1    1    1    1 
   3
  57  208  321 
   1    1    1 
   6
 128  329  408  572  644  920 
   1    1    1    1    1    1 
   7
  27  142  207  584  664  689  885 
   1    2    1    1    2    1    1 
   5
   7   70  325  647  684 
   3    1    1    1    2 
   5
   2    5    6  610  660 
   2    1    1    1    1 
   4
   5   95  103  834 
   1    1   11    1 
   7
   1   60   96  465  557  690  924 
   1    1    1   10    1    1    1 
   4
  27   89  333  936 
   3    1    1    2 
   4
  26  356  413  594 
   1    1    1    1 
   3
  31  102  369 
   1    1    2 
   4
   6   52  138  527 
   1    1    1    1 
   5
 155  164  460  567  570 
   2    1   10    1    1 
   7
   8   61  252  506  614  922  990 
   1    1    1    2    1    1    2 
   5
   3  119  265  521  710 
   1    1    1    1    1 
   7
 112  306  395  606  642  649  772 
   1    1    1    5    1    3    1 
   3
   5  125  366 
   1    1    1 
   6
   6   46  127  494  513  552 
   1    1    2    1    1    1 
   7
   3   36  429  692  730  883  936 
   1    2    1    1    2    1    1 
   5
  22  233  278  539  772 
   1    2    1    1    2 
   4
 348  403  412  505 
   1    1    1    1 
   6
   5   18  411  767  777  930 
   1    1    1    1    1    1 
   3
  47  151  415 
   5    1    1 
   3
  24  162  309 
   1    1    1 
   7
 104  198  437  584  656  804  827 
   2    1    1    1    2    1    2 
   3
  42  276  369 
   1    1    1 
   3
   4    5  429 
   1    1    1 
   5
  83  179  416  554  810 
   1    1    3    1    1 
   6
 206  384  432  553  672  921 
   1    1    2    4    1    1 
   3
  62  224  433 
  86    1    1 
   5
  13   14  294  707  835 
   1    1    1    1    2 
   3
   1  115  140 
   1    1    1 
   5
  60  287  415  520  898 
   2    1    1    1    1 
   5
 133  141  287  527  970 
   1    1    1    1    1 
   3
   4   47  153 
   1    2    1 
   3
   3    8  241 
   1    1    1 
   3
  16   24   27 
   5    2    1 
   4
   1   20  279  943 
   1    2    3    2 
   4
 283  324  424  595 
   1    1    1    1 
   3
 106  141  428 
   1    2    1 
   5
  98  148  258  560  576 
   1    1    2    2    1 
   4
   9  207  470  712 
   1    1    1    1 
   5
   3  255  379  635  888 
   1    1    1    1    3 
   4
  15   25   54  605 
   1    1    1    1 
   5
 106  176  258  528  611 
   2    1    1    1    1 
   3
   3  186  273 
   1    1    1 
   3
  62  149  338 
   3    1    1 
   4
  26   96  109  855 
   1    1    1    3 
   4
  18   34  199  970 
   1    1    1    1 
   4
   6   65   93  514 
   1    2    4    1 
   5
   6   21  362  702  761 
   1    1    1    1    1 
   3
  18   87  312 
   1    1    1 
   3
   3  248  473 
   1    1    1 
   3
 103  436  466 
   1    1    2 
   3
 194  198  308 
   2    1    1 
   6
  31   69  219  587  750  980 
   1    1    1    2    1    1 
   3
  32  205  241 
   1    1    1 
   5
   5   76  255  599  940 
   1    1    1    7    1 
   5
   1   52  176  623  751 
   1    1    1    1    1 
   4
  28  248  453  862 
   1    1    1    5 
   4
  48  216  470  535 
   1    1    1    1 
   5
  98  428  502  934  956 
   1    2    1    1    1 
   4
  57  116  140  701 
   1    2    1    1 
   4
   3    4   49  671 
   1    1    1    2 
   3
   7   42  228 
   1    1    3 
   8
   4   17  310  569  673  728  954  983 
   1    1    1    2    1    1    1    2 
   5
  20   51   70  727  870 
   1    1    1    1    1 
   3
   3   10  485 
   1    1    1 
   3
   1   11  467 
   1    1    1 
   5
  18   52  220  683  958 
   1    1    1    1    1 
   4
  14  390  395  706 
   1    1    2    1 
   4
  75  225  413  951 
   1    2    1    1 
   7
   5  366  395  618  787  810  968 
   1    1    1    1    1    2    2 
   3
   7  123  128 
   1    1    4 
   3
  15  464  486 
   1    1    1 
   4
   4  106  497  574 
   1    1    1    1 
   3
   1  194  354 
   1    2    1 
   3
 156  195  214 
   1    1    1 
   3
  26  112  261 
   1    1    1 
   3
 145  186  394 
   1    1    1 
   5
  40  115  199  733  837 
   1    3    1    2    1 
   4
  80  103  396  674 
   1    2    1    1 
   5
  21  418  513  760  772 
   1    1    1    1    1 
   4
  10   27   59  770 
   1    1    1    1 
   3
  31  106  291 
   1    1    1 
   3
   7   25  220 
   1    2    4 
   3
  93  398  472 
   1    1    1 
   6
  67  192  357  594  717  896 
   1    1    2    1    1    2 
   3
   3    6  128 
   1    1    1 
   3
  24  392  412 
   1    1    1 
   4
 177  287  397  666 
   1    2    1    1 
   4
   5  163  207  634 
   1    1    1    1 
   4
  25  279  307  863 
   3    1    2    1 
   5
 287  356  433  783  935 
   2    1    1    1    1 
   3
 168  339  402 
   2    1    1 
   5
   2    4  238  697  946 
   1    1    1    2    3 
   3
  29  195  302 
   1    1    1 
   4
  27  133  351  724 
   1    1    1    1 
   3
  14  128  257 
   1    1    1 
   3
  42   55  470 
   1    1    1 
   5
  60  243  481  831  852 
   2    6    4    2    1 
   6
 277  307  480  620  631  805 
   1    1    1    1    1    2 
   3
  52  138  429 
   1    1    1 
   6
  14   96  447  719  756  897 
   1    1    1    3    1    1 
   4
 145  203  460  795 
   1    1    1    2 
   3
 206  298  322 
   1    1    5 
   4
  39  111  233  696 
   2    1    1    1 
   4
  51  223  493  950 
   1    1    2    1 
   5
   7  331  383  587  590 
   1    2    1    1    1 
   4
  52  128  203  927 
   1    1    1    1 
   5
  77   95  103  723  743 
   1    1    1    1    1 
   3
  20  102  136 
   1    1    6 
   3
   7  114  413 
   1    1    1 
   4
   8   13  114  686 
   1    1    1    1 
   7
 323  404  465  623  744  752  813 
   1    4    1    1    1    1    1 
   3
 181  228  295 
   1    1    1 
   5
 289  301  518  645  962 
   1    1    2    1    1 
   5
  23  145  465  792  908 
   3    1    1    1    1 
   6
  96  300  343  681  708  717 
   1    1    1    2    1    3 
   4
  74  167  455  830 
   1    1    1    1 
   3
   1    3  252 
   1    1    1 
   3
 309  373  528 
   1    1    1 
   5
   4   47  360  601  909 
   1    1    1    1    1 
   4
  46  158  493  678 
   2    1    1    1 
   3
  18   60  203 
   1    1    1 
   3
   5   40  243 
   1    2    1 
   5
 122  135  221  819  838 
   1    1    2    1    1 
   6
 136  361  398  866  916  923 
   1    1    2    1    2    2 
   4
  15   45  123  922 
   1   61    1    1 
   4
  73  246  387  663 
   1    2    1    1 
   5
  17  124  416  683  739 
   1    1    1    1    3 
   5
   5  456  477  864  951 
   3    1    1    1    5 
   4
   7  128  167  791 
   1    1    1    1 
   3
  40   60  193 
   1    1    1 
   3
  57  508  561 
   1    2    1 
   5
  30  171  336  782  838 
   1    1    1    1    1 
   6
   3   84  338  629  859  989 
   1    1    3    1    1    1 
   4
   4  106  561  985 
   1    1    1    1 
   3
  28  104  357 
   1    1    1 
   3
   6   13  192 
   1    1    1 
   4
  57   66  222  962 
   1    1    2    1 
   5
   1  462  540  646  735 
   5    1    1    1    1 
   4
 140  181  491  833 
   2    2    1    1 
   3
 103  140  265 
   1    1    1 
   3
   3    4  372 
   1    1    1 
   4
  60  231  249  884 
   1    1    1    1 
   3
 382  428  510 
   1    1    7 
   4
  14   24   50  666 
   1    2    1    1 
   3
   5  136  575 
   1    1    1 
   3
  11   28   42 
   1    1    1 
   3
   7    8  139 
   1    1    1 
   4
  78  175  381  889 
   1    1    1    1 
   8
  30  190  496  659  794  823  937  992 
   1    1    1    1    1    1    1    2 
   3
   4   59  468 
   1    3    5 
   4
  74  296  383  883 
   1    1    1    1 
   3
  69   96  106 
   1    1    2 
   3
  16  127  212 
   1    1    1 
   4
  75  104  458  923 
   1    1    1    1 
   4
 104  127  497  965 
   1    1    1    1 
   3
 116  145  373 
   2    1    5 
   5
  21   61  388  617  789 
   1    1    1    1    1 
   4
  24  330  466  715 
   1    1    1    1 
   3
  33  230  282 
   1    1    1 
   6
  17   43  145  739  809  914 
   1    1    1    2    1    2 
   5
  23  260  613  646  814 
   1    1    1    1    1 
   4
 319  449  525  767 
   1    1    1    1 
   4
  84  264  297  725 
   1    1    1    1 
   4
  28  102  554  662 
   1    1    1    1 
   4
   5  140  198  827 
   1    1    1    1 
   4
  37   54  406  860 
   1    1    1    1 
   5
 354  511  567  743  744 
   1    1    1    1    1 
   3
  15   31  250 
   2    1    2 
   3
  33  185  238 
   1    4    1 
   4
   2   67  418  633 
   1    1    1    1 
   4
  20   26   92  817 
   1    1    2    1 
   4
  70  151  308  753 
   1    1    1    7 
   3
  16  347  589 
   1    2    1 
   3
   4   11  182 
   1    7    1 
   4
  38  430  554  731 
   2    1    1    1 
   3
   6   18   62 
   1    1    1 
   4
  21  319  626  846 
   1    1    1    1 
   7
  20  160  544  706  713  869  913 
   1    1    1    2    1    1    1 
   3
   1    5  495 
   1    2    1 
   4
  36  122  419  833 
   1    1    1    2 
   7
  96  111  187  732  798  904  972 
   1    1    1    1    1    1    1 
   5
   4  128  295  750  764 
   1    1    6    1    1 
   5
 151  191  236  684  861 
   1    1    1    1    1 
   4
 187  257  282  655 
   1    1    1    1 
   4
 126  287  307  956 
   1    1    2    1 
   6
 234  404  468  690  757  784 
   1    1    1    1    1    1 
   4
 163  427  444  705 
   1    3    1    2 
   3
  47  297  455 
   1    1    1 
   3
   5  279  569 
   2    1    1 
   3
 236  594  617 
   1    1    1 
   4
  60  206  457  965 
   9    1    1    1 
   4
 104  191  201  662 
   5    1    1    4 
   3
  43  442  468 
   1    1    3 
   3
   6   46  190 
   1    1    1 
   3
   2  108  116 
   3    1    1 
   3
 162  205  226 
   1    1    1 
   3
  14  180  265 
   1    1    1 
   3
  39  233  333 
   1    2    1 
   3
 153  157  640 
   1    1    1 
   6
  72  214  477  729  983  994 
   2    1    2    1    1    1 
   3
  59  298  364 
   2    1    1 
   3
  22  177  395 
   1    1    1 
   5
  33   85  605  798  856 
   1    1    1    1    1 
   4
  37  441  458  999 
   1    1    1    1 
   3
 141  202  232 
   1    2    2 
   3
 248  620  648 
   2    1    4 
   4
  23  147  582  880 
   1    1    1    1 
   4
  21   67  456  864 
   1    1    2    1 
   3
   5    7  395 
   1    1    1 
   3
 265  543  600 
   1    1    1 
   3
  42  156  452 
   1    8    1 
   5
 114  159  298  724  857 
   1    1    2    4    1 
   3
 103  270  432 
   3    1    2 
   4
  86  161  277  832 
   2    1    1    2 
   3
  62  244  516 
   1    1    2 
   3
 136  395  481 
   2    5    1 
   3
  17  322  518 
   1    1    1 
   4
   4    9  534  682 
   1    1    1    1 
   5
   4  107  138  873  907 
   1    1    1    1    1 
   4
   7  302  431  847 
   1    1    1    1 
   3
   4   15  117 
   1    2    1 
   3
  92  227  576 
   1    1    1 
   4
  23  196  310  721 
   1    1    1    1 
   3
 286  347  420 
   1    1    1 
   3
 150  244  571 
   1    1    2 
   4
  57  147  674  883 
   1    1    1    1 
   3
  61  522  583 
   1    1    1 
   3
  77  457  639 
   1    2    1 
   3
   8  191  425 
   1    1    1 
   6
 113  150  566  737  829  842 
   1    1    1    1    1    1 
   4
 178  238  292  902 
   1    1    1    2 
   3
  59  144  364 
   1    1    1 
   3
 106  116  456 
   1    1    1 
   3
 265  460  642 
   1    1    1 
   4
   4  261  325  738 
   1    1    1    1 
   3
  16  340  471 
   2    8    1 
   3
  14  106  147 
   1    1    1 
   4
   4  147  320  717 
   1    1    1    1 
   5
   3  199  328  902  919 
   1    1    1    1    5 
   4
 108  329  559  851 
   1    1    1    1 
   4
  14   36  548  990 
   1    2    2    1 
   3
   6   89  418 
   1    1    1 
   3
  11  172  306 
   1    3    1 
   3
   4   56  361 
   1    1    2 
   3
  38  261  515 
   1    1    1 
   3
 136  177  503 
   1    1    1 
   3
  31   36  104 
   1    1    1 
   3
  18  360  432 
   3    1    1 
   3
 126  339  643 
   2    1    2 
   3
  84  523  634 
   1    1    2 
   3
 166  228  483 
   1    1    1 
   3
   7  165  571 
   1    1    1 
   4
 151  362  414  736 
   2    1    1    1 
   3
  50  452  467 
   1    2    1 
   3
  33   70  323 
   1    1    1 
   4
  62   70  494  881 
   1    2    1    1 
   3
 362  388  634 
   1    1    1 
   3
  40  119  253 
  11    1    1 
   4
   5  414  614  814 
   1    1    1    1 
   3
 198  226  260 
   2    1    1 
   4
 540  571  694  778 
   1    3    1    1 
   5
  13   72  244  762  885 
   4    1    1    1    1 
   4
 243  307  556  887 
   1    1    3    1 
   3
 103  104  199 
   2    1    1 
   5
  20  120  679  740  874 
   1    1    1    1    1 
   3
   6   18  268 
   1    1    1 
   5
   1  302  563  800  971 
   1    1    1    1    1 
   3
   7  550  668 
   1    1    4 
   3
  26  224  619 
   2    2    1 
   3
  14  353  360 
   1    1    1 
   3
  30  182  519 
   1    1    1 
   3
   3   69  518 
   2    1    1 
   4
   1   20  656  826 
   1    3    1    1 
   3
 167  406  471 
   1    1    2 
   3
  20  151  631 
   1    1    1 
   3
   2  402  637 
   1    1    1 
   3
  13  133  533 
   1    1    2 
   4
   6   57   89  893 
   1    7    1    1 
   4
  24  182  594  832 
   1    1    1    1 
   3
   7   65  709 
   1    2    1 
   3
 150  319  686 
   1    1    1 
   3
 313  328  691 
   1    1    1 
   3
  18  583  616 
   1    3    2 
   3
 232  372  721 
   1    1    1 
   3
   3  101  353 
   1    1    1 
   3
  18  204  266 
   1    3    1 
   3
  20  563  623 
   1    1    1 
   3
 406  567  623 
   1    1    1 
   3
 312  418  449 
   1    1    2 
   3
   2   69  122 
   1    6    1 
   3
  12   43  249 
   1    1    1 
   3
   4   30  409 
   1    1    1 
   6
   6   21  386  914  939  947 
   1    1    1    1    3    1 
   4
 282  508  638  942 
   1    1    1    1 
   4
   1  244  511  850 
   1    1    1    1 
   3
  27  167  567 
   1    1    1 
   3
 149  366  628 
   1    1    7 
   5
   2  106  395  880  916 
   5    1    1    1    1 
   3
   1    4  443 
   1    1    1 
   3
 132  300  556 
   1    2    1 
   3
   2   72  642 
   1    4    1 
   3
  11   29  103 
   1    7    1 
   3
   3    6   87 
   1    1    1 
   3
  29  156  535 
   1    1    1 
   4
  31  151  503  977 
   1    1    1    2 
   3
  36  193  718 
   1    1    1 
   3
   6  170  381 
   1    1    2 
   3
   1  128  638 
   2    1    1 
   3
  32  119  285 
   1    1    1 
   4
   8  103  157  976 
   1    1    5    1 
   3
 148  474  618 
   1    1    1 
   3
  21  132  200 
   1    1    2 
   3
  70  116  306 
   1    1    3 
   5
   5   15  536  790  832 
   1    1    1    1    1 
   3
  15  181  275 
   1    1    1 
   3
 468  472  535 
   1    2    1 
   3
  32   70  122 
   1    1    4 
   3
 155  277  431 
   1    2    1 
   4
  26  302  383  812 
   3    1    1    1 
   3
   2   36  452 
   2    3    1 
   3
 182  255  474 
   1    1    1 
   3
   5   14  717 
   1    1    1 
   3
  67  156  218 
   1    1    1 
   6
 117  306  354  797  822  884 
   2    2    1    1    1    1 
   3
 111  232  239 
   1    5    1 
   4
  29  330  588  820 
   1    1    1    1 
   4
  80   97  546  815 
   1    1    1    1 
   3
 188  400  642 
   1    1    1 
   3
 178  354  386 
   1    1    1 
   3
 164  279  330 
   2    1    1 
   4
   2  154  525  813 
   1    1    1   18 
   3
  14  160  287 
   1    1    1 
   3
  57  106  613 
   1    1    1 
   3
 109  264  770 
   3    2    1 
   3
 191  192  585 
   1   10    1 
   3
  40  233  570 
   1    1    1 
   3
 140  273  381 
   1    3    2 
   3
  25  140  605 
   1    1    1 
   3
   3    9  557 
   1    1    2 
   3
 218  294  320 
   1    1    1 
   4
   4  122  780  917 
   2    1    1    1 
   3
  70  637  659 
   1    1    1 
   3
   1   32  169 
   1    1    1 
   3
  24  253  723 
   2    2    1 
   3
  27   39   51 
   1    4    1 
   3
 273  392  417 
   1    1    2 
   3
 183  193  233 
   1    3    1 
   3
  39  343  477 
   1    2    1 
   3
  82  151  554 
   1    1    2 
   3
  21  312  361 
   1    1    1 
   4
  26  119  360  848 
   1    1    1    1 
   3
   3    4   79 
   1    1    2 
   3
  93  369  616 
   1    1    1 
   5
 131  480  525  955  995 
   1    1    2    1    2 
   3
   5  115  331 
   2    1    1 
   3
   8  167  775 
   3    1    1 
   3
 148  567  787 
   1    1   18 
   3
  65  617  715 
   1    1    1 
   3
  69   77  783 
   1    1    1 
   4
   1  190  373  823 
   1    1    3    1 
   3
  77  143  627 
   1    1    1 
   3
   5  229  395 
   1    1    1 
   3
  62  320  579 
   1    2    1 
   4
  27   43  782  868 
   2    1    1    1 
   3
  51  172  279 
   1    1    1 
   3
 160  182  780 
   1    2    1 
   3
 330  605  816 
   1    1    1 
   3
  53  145  242 
   2    1    1 
   3
 101  210  382 
   1    1    1 
   3
  23  340  729 
   1    3    1 
   3
  84  477  621 
   1    2    1 
   3
  22   34  419 
   1    1    1 
   4
  52  175  686  971 
   1    1    1    1 
   4
   7  392  572  967 
   6    1    1    1 
   3
   7  191  553 
   3    1    2 
   4
 670  735  770  939 
   2    1    1    1 
   4
 192  595  636  856 
   1    1    2    1 
   3
 146  260  459 
   1    1    1 
   3
   5   96  483 
   1    1    2 
   4
  24  116  354  847 
   1    1    1    2 
   3
  48  425  533 
   1    1    1 
   3
  93  579  588 
   1    1    1 
   3
   1    3  373 
   1    1    1 
   3
  82  195  414 
   1    1    1 
   3
  18  273  419 
   2    1    1 
   4
  48  270  686  855 
   1    1    1    3 
   3
  59  306  383 
   1    1    1 
   3
 241  265  419 
   1    2    1 
   5
  57   64  300  952  999 
   1    1    1    1    1 
   3
   7  419  633 
   1    4    1 
   3
 409  676  836 
   1    1    2 
   4
 110  332  807  980 
   5    1    1    1 
   3
  23   38  158 
   1    2    1 
   3
  47  175  751 
   1    2    1 
   3
 198  302  696 
   1    1    1 
   3
 104  452  553 
   1    2    1 
   3
  27  244  447 
   1    1    1 
   5
 194  358  395  888  926 
   3    1    1    1    2 
   3
 273  500  842 
   1    3    3 
   3
 212  659  833 
   1    1    1 
   3
  15  240  668 
   1    2    1 
   3
  70  273  302 
   2    1    1 
   4
 167  302  589  865 
   1    3    1    2 
   3
 111  417  622 
   1    3    1 
   3
   3  106  639 
   1    1    1 
   4
 145  191  512  879 
   1    1    5    1 
   4
  47  191  545  967 
   2    1    1    1 
   3
 339  584  664 
   1    1    1 
   4
 361  379  859  896 
   1    1    2    1 
   3
 134  298  580 
   1    1    1 
   3
   1   30  192 
   3    1    1 
   5
  39  452  820  911  931 
   1    1    1    1    1 
   3
   6   44  634 
   1    1    1 
   3
  82  221  519 
   1    1    1 
   4
   3   74   91  937 
   1    1    1    1 
   3
  18   27  452 
   1    1    1 
   4
  69  330  675  888 
   2    1    1    1 
   3
  18  193  721 
   1    2    1 
   3
  82  193  294 
   2    1    1 
   3
  31  195  401 
   1    3    1 
   3
  82  265  279 
   4    1    1 
   3
  14   24   50 
   3    1    1 
   5
  27  142  862  918  952 
   1    1    1    1    1 
   3
  72  663  754 
   1    1    1 
   4
 191  243  712  957 
   2    1    1    2 
   4
   2   46  287  892 
   6    1    1    1 
   3
 471  607  682 
   1    1    1 
   3
  56  598  780 
   1    1    1 
   3
  20  456  718 
   1    1    1 
   3
  10   18   30 
   2    1    1 
   3
  81  297  719 
   2    1    1 
   3
 495  854  873 
   3    1    1 
   3
   9  104  604 
   1   10    1 
   3
  82  147  276 
   1    1    1 
   4
 386  426  452  901 
   1    1    1    1 
   3
  27  220  882 
   1    3    1 
   3
   2  195  734 
   1    3    1 
   3
  11   85  333 
   1    1    2 
   4
 108  147  273  973 
   1    1    1    1 
   3
  12  540  865 
   1    2    1 
   3
 164  259  556 
   1    1    1 
   3
   2    7  485 
   1    1    1 
   3
 108  231  366 
   2    1    1 
   3
   5  336  339 
   1    3    1 
   4
 106  366  891  941 
   1    1    1    2 
   3
  37  687  695 
   1    2    1 
   3
  18  256  409 
   2    1    1 
   3
   7  340  637 
   1    1    1 
   3
   2   39   84 
   1    1    1 
   3
  76  225  285 
   1    2    1 
   3
  12   66  675 
   1    1    1 
   3
   6   93  570 
   1    1    1 
   5
  27  195  575  928  953 
   1    1    1    1    1 
   4
  60  116  256  992 
   1   14    1    7 
   3
   3    6  868 
   1    1    1 
   3
  73  227  344 
   2    1    1 
   4
  21   87  634  982 
  14    2    1    2 
   3
 403  616  749 
   7    2    1 
   3
 254  269  315 
   1    1    1 
   3
   8  580  754 
   1    2    1 
   3
   8   11  797 
   6    1    1 
   3
  44  106  879 
   1    1    1 
   3
 168  252  695 
   2    1    5 
   3
 201  299  455 
  27   11    1 
   3
  53   94  481 
   2    1    1 
   3
 323  466  581 
   1    1    1 
   3
 128  580  610 
   1    2    1 
   3
   7   16  460 
   5    2    1 
   3
   7  214  221 
   1    1    2 
   3
   6  408  854 
   1    1    2 
   3
  15   61  562 
   1    2    1 
   3
 164  318  909 
   1    2    1 
   3
  72  120  343 
   3    1    1 
   3
 205  434  474 
   1    1    1 
   3
  15  198  868 
   1    1    1 
   3
 128  163  402 
   1    1    1 
   3
  14  115  286 
  11    2    3 
   3
  21  207  514 
   1    1    1 
   3
   1  207  546 
   1    1    1 
   3
 113  461  471 
   2    2    1 
   3
   4  605  871 
   1    1    1 
   3
  20   27  306 
   1    1    1 
   3
 163  749  832 
   1    3    1 
   3
 110  412  510 
   1    7    1 
   3
 186  356  901 
   1    1    2 
   3
 136  193  750 
   1    1    1 
   3
   2  109  490 
   7    1    2 
   3
 231  256  302 
   1    1    1 
   3
  27  104  381 
   1    1    1 
   3
  47  109  548 
   1    1    3 
   4
  36  106  749  997 
   1    1    1    1 
   3
   2   54  163 
   1    1    2 
   3
  14   64  232 
   2    1    1 
   3
  25   82  560 
   1    1    1 
   3
  21  524  584 
   1    1    5 
   3
 163  845  879 
   1    1    1 
   3
 132  182  909 
   1    1    1 
   3
   7  291  518 
   1    1    1 
   3
  45  104  810 
   1    1    1 
   3
  20  514  641 
   1    1    1 
   3
  56  120  881 
   3    1    2 
   3
  37  336  522 
   1    1    1 
   3
 131  330  339 
   2    1    3 
   3
   1    6  304 
   2    1    1 
   3
  43  222  258 
   2    2    1 
   3
 423  569  593 
   1    1    1 
   3
 179  242  291 
   1    3    1 
   3
  15   31  191 
   2    1    1 
   3
   4  611  647 
   1    1    1 
   3
   1  174  308 
   1    1    1 
   3
 327  830  863 
   1    1    1 
   3
 162  175  525 
   3    1    2 
   3
  56  248  366 
   1    1    1 
   3
 391  486  501 
   1    1    1 
   3
 221  723  829 
   1    1    1 
   3
 199  434  637 
   2    3    1 
   3
  69  230  895 
   1    1    1 
   3
   8  119  450 
   1    1    2 
   3
 128  317  405 
   1    1    2 
   3
  26  428  766 
   1    1    1 
   3
  45  241  761 
   1    1    2 
   3
 188  381  431 
   1    1    2 
   3
  30  230  422 
   1    1    1 
   3
 404  508  848 
   1    1    1 
   3
   8  260  391 
   1    1    1 
   3
   5   23  913 
   1    1    2 
   3
 287  518  656 
   1    2    1 
   3
  16   75  435 
   1    1    1 
   3
 150  348  590 
   1    1    1 
   3
  65  241  395 
   1    1    1 
   3
   5   82  174 
   1    3    1 
   3
   4  106  128 
   1    1    1 
   3
 136  167  589 
   1    1    1 
   3
 125  466  697 
   1    2    1 
   3
  21  362  402 
   1    1    4 
   3
 198  605  910 
   1    2    7 
   3
  14   39  106 
   1    1    1 
   3
   5   43  656 
   1    1    1 
   3
  43   97  810 
   1    1    2 
   3
  12  292  347 
   1    1    2 
   3
  14  147  947 
   1    1    1 
   3
 233  236  413 
   1    1    4 
   3
 233  660  845 
   1    1    1 
   3
 154  170  443 
   1    1    1 
