   7
  98  168  277  573  600  709  735 
   1    1    1    1    1    1    1 
   4
 252  611  826  969 
   1    1    1    1 
   2
 135  243 
   1    1 
   4
 187  469  539  559 
   1    1    1    1 
   3
 143  534  832 
   1    1    1 
   6
 111  238  396  608  813  948 
   1    1    1    1    1    1 
   5
  72  300  472  796  930 
   1    1    1    1    1 
   4
 123  516  828  959 
   1    1    1    1 
   7
 237  259  273  353  749  827  976 
   1    1    1    1    1    1    1 
   6
 476  531  574  817  854  993 
   1    1    1    1    1    1 
   6
  17  292  495  598  801  905 
   1    1    1    1    1    1 
   9
  61  191  193  203  206  315  579  707  806 
   1    1    1    1    1    1    1    1    1 
  12
  50  112  173  331  576  610  696  816  882  898  905  950 
   1    1    1    1    1    1    1    1    1    1    1    1 
   3
 224  248  486 
   1    1    1 
  10
 141  146  162  326  354  488  500  677  913  985 
   1    1    1    1    1    1    1    1    1    1 
   8
  34  162  253  281  614  651  723  914 
   1    1    1    1    1    1    1    1 
   5
  11  699  757  806  990 
   1    1    1    1    1 
   5
 195  240  538  603  988 
   1    1    1    1    1 
   3
 540  618  869 
   1    1    1 
   6
  85  100  321  330  371  814 
   1    1    1    1    1    1 
   8
 207  240  362  453  521  598  859  987 
   1    1    1    1    1    1    1    1 
   3
 631  804  874 
   1    1    1 
   6
  35  224  282  444  671  738 
   1    1    1    1    1    1 
  10
 145  217  283  450  508  716  718  720  920  988 
   1    1    1    1    1    1    1    1    1    1 
  10
 130  185  204  437  457  502  533  544  624  906 
   1    1    1    1    1    1    1    1    1    1 
   2
 312  459 
   1    1 
   4
 247  277  330  580 
   1    1    1    1 
   3
  55   69  847 
   1    1    1 
   6
  63  650  725  850  909  982 
   1    1    1    1    1    1 
   5
 518  576  616  635  684 
   1    1    1    1    1 
   7
 267  489  495  556  559  714  863 
   1    1    1    1    1    1    1 
   7
  51  230  484  784  888  906  918 
   1    1    1    1    1    1    1 
   6
  94  327  385  621  745  952 
   1    1    1    1    1    1 
  11
  16   53  216  247  519  531  602  614  617  834  963 
   1    1    1    1    1    1    1    1    1    1    1 
  10
  23   75  253  278  312  409  550  620  712  863 
   1    1    1    1    1    1    1    1    1    1 
   2
 369  700 
   1    1 
   6
 164  199  375  514  554  767 
   1    1    1    1    1    1 
   5
 118  600  605  641  913 
   1    1    1    1    1 
   7
 102  107  109  139  176  622  981 
   1    1    1    1    1    1    1 
   5
  77  114  679  960  978 
   1    1    1    1    1 
   5
  55  134  183  354  690 
   1    1    1    1    1 
   2
 130  797 
   1    1 
   4
 188  741  765  971 
   1    1    1    1 
   8
  59  120  188  238  268  477  718  727 
   1    1    1    1    1    1    1    1 
  11
 107  192  200  335  346  390  396  448  593  600  736 
   1    1    1    1    1    1    1    1    1    1    1 
   8
  91  161  299  550  600  625  731  736 
   1    1    1    1    1    1    1    1 
   5
  99  643  667  879  926 
   1    1    1    1    1 
   6
  85  396  522  647  665  760 
   1    1    1    1    1    1 
   3
 410  716  989 
   1    1    1 
   6
  13  182  267  587  867  945 
   1    1    1    1    1    1 
   7
  32  250  637  674  754  800  994 
   1    1    1    1    1    1    1 
   4
 112  192  322  837 
   1    1    1    1 
   9
  34  281  284  360  434  644  701  775  798 
   1    1    1    1    1    1    1    1    1 
   3
 612  646  695 
   1    1    1 
   4
  28   41  374  661 
   1    1    1    1 
  10
 139  247  295  300  504  706  711  790  807  951 
   1    1    1    1    1    1    1    1    1    1 
   7
 341  467  471  533  545  724  729 
   1    1    1    1    1    1    1 
   9
 123  440  455  559  713  784  786  922  976 
   1    1    1    1    1    1    1    1    1 
   5
  44  324  331  340  521 
   1    1    1    1    1 
   7
  67   97  432  606  649  736  919 
   1    1    1    1    1    1    1 
   7
  12  171  316  403  575  652  873 
   1    1    1    1    1    1    1 
   4
 445  602  678  725 
   1    1    1    1 
  11
  29   70  128  133  162  177  403  695  738  835  846 
   1    1    1    1    1    1    1    1    1    1    1 
   7
 103  131  308  579  587  739  943 
   1    1    1    1    1    1    1 
   4
 264  352  389  750 
   1    1    1    1 
   7
 221  301  420  744  756  851  946 
   1    1    1    1    1    1    1 
   9
  60   81  218  431  480  584  624  788  904 
   1    1    1    1    1    1    1    1    1 
  10
 398  444  513  527  664  682  876  877  886  960 
   1    1    1    1    1    1    1    1    1    1 
   5
  28   88  386  843  959 
   1    1    1    1    1 
   9
  63   82  119  245  313  339  495  674  756 
   1    1    1    1    1    1    1    1    1 
   5
 348  367  436  543  583 
   1    1    1    1    1 
  10
   7  217  266  360  468  553  591  628  845  923 
   1    1    1    1    1    1    1    1    1    1 
   5
 224  270  373  401  780 
   1    1    1    1    1 
   5
 373  592  619  767  871 
   1    1    1    1    1 
  10
  35  151  154  295  447  502  667  874  890  914 
   1    1    1    1    1    1    1    1    1    1 
   3
 728  774  994 
   1    1    1 
   5
  40  807  848  941  961 
   1    1    1    1    1 
   1
 895 
   1 
   5
 160  603  722  780  859 
   1    1    1    1    1 
   8
 100  165  216  242  372  377  416  465 
   1    1    1    1    1    1    1    1 
   7
  67  214  517  809  877  888  921 
   1    1    1    1    1    1    1 
   6
  70   90  313  367  530  827 
   1    1    1    1    1    1 
   6
 282  361  440  719  722  727 
   1    1    1    1    1    1 
   6
 200  203  397  528  965  996 
   1    1    1    1    1    1 
  12
  20   48  139  173  346  513  564  630  750  844  893  953 
   1    1    1    1    1    1    1    1    1    1    1    1 
   3
 127  336  947 
   1    1    1 
   5
 241  272  448  928  980 
   1    1    1    1    1 
   6
  69  319  364  390  600  742 
   1    1    1    1    1    1 
   7
 105  123  180  340  430  811  843 
   1    1    1    1    1    1    1 
   5
  82  234  407  518  614 
   1    1    1    1    1 
  10
  46  208  305  316  338  364  670  739  900  970 
   1    1    1    1    1    1    1    1    1    1 
   4
 379  477  819  968 
   1    1    1    1 
   4
 307  394  471  530 
   1    1    1    1 
   8
  33  305  410  492  573  634  674  768 
   1    1    1    1    1    1    1    1 
   4
 264  604  749  930 
   1    1    1    1 
   7
 106  201  221  413  709  767  852 
   1    1    1    1    1    1    1 
   6
  60  142  230  437  521  986 
   1    1    1    1    1    1 
   7
   1  115  116  173  479  588  636 
   1    1    1    1    1    1    1 
   7
  47  267  285  463  510  574  601 
   1    1    1    1    1    1    1 
   6
  20   80  133  583  744  828 
   1    1    1    1    1    1 
   7
 292  414  485  704  890  896  959 
   1    1    1    1    1    1    1 
   6
  39  220  485  569  612  996 
   1    1    1    1    1    1 
   5
  64  110  130  652  745 
   1    1    1    1    1 
   3
 377  514  830 
   1    1    1 
  11
  89  118  174  195  236  327  487  570  613  619  947 
   1    1    1    1    1    1    1    1    1    1    1 
   7
  96  133  220  356  637  796  915 
   1    1    1    1    1    1    1 
   8
  39   45  183  229  332  505  923  963 
   1    1    1    1    1    1    1    1 
   7
 333  391  460  490  520  737  870 
   1    1    1    1    1    1    1 
   5
  39  495  622  688  832 
   1    1    1    1    1 
   5
 103  519  585  594  918 
   1    1    1    1    1 
   7
   6  209  401  511  528  945  948 
   1    1    1    1    1    1    1 
   5
  13   52  517  699  939 
   1    1    1    1    1 
   6
 198  441  750  765  790  961 
   1    1    1    1    1    1 
   6
  40  118  141  171  464  747 
   1    1    1    1    1    1 
  10
  98  239  243  272  478  495  595  614  733  994 
   1    1    1    1    1    1    1    1    1    1 
   5
  98  322  410  473  813 
   1    1    1    1    1 
  13
 167  170  264  272  287  327  471  493  611  662  853  858  886 
   1    1    1    1    1    1    1    1    1    1    1    1    1 
   8
  38  105  114  364  466  687  751  827 
   1    1    1    1    1    1    1    1 
   8
  70  314  346  427  635  798  966  999 
   1    1    1    1    1    1    1    1 
   7
  44  141  792  802  835  883  921 
   1    1    1    1    1    1    1 
   7
 154  383  391  558  579  602  920 
   1    1    1    1    1    1    1 
   6
 405  487  520  606  618  898 
   1    1    1    1    1    1 
   8
   8   58   89  252  267  449  646  910 
   1    1    1    1    1    1    1    1 
   8
 127  211  240  275  286  480  749  789 
   1    1    1    1    1    1    1    1 
   9
 189  274  277  389  499  634  694  740  759 
   1    1    1    1    1    1    1    1    1 
   2
 353  517 
   1    1 
   8
  86  124  256  332  612  649  947  992 
   1    1    1    1    1    1    1    1 
   8
  63  144  284  357  668  897  973  994 
   1    1    1    1    1    1    1    1 
   2
 551  776 
   1    1 
   8
  25   42  103  289  384  399  571  879 
   1    1    1    1    1    1    1    1 
   7
  64  133  162  506  710  892  926 
   1    1    1    1    1    1    1 
   3
 600  640  882 
   1    1    1 
   6
  63  100  106  131  493  503 
   1    1    1    1    1    1 
   8
  41  301  505  648  654  769  893  949 
   1    1    1    1    1    1    1    1 
   4
   3  151  352  585 
   1    1    1    1 
   4
 296  591  598  867 
   1    1    1    1 
   4
 193  371  395  984 
   1    1    1    1 
   4
 563  683  896  989 
   1    1    1    1 
  11
  39   56   85  197  295  395  397  476  712  982  990 
   1    1    1    1    1    1    1    1    1    1    1 
   7
 149  166  416  432  546  648  747 
   1    1    1    1    1    1    1 
   5
  15  114  120  556  956 
   1    1    1    1    1 
   3
  97  404  539 
   1    1    1 
   9
   5  209  422  508  658  701  782  808  927 
   1    1    1    1    1    1    1    1    1 
   8
 128  213  425  516  530  883  886  905 
   1    1    1    1    1    1    1    1 
   4
  24  415  636  766 
   1    1    1    1 
   7
  15  178  213  454  815  850  993 
   1    1    1    1    1    1    1 
   3
 374  480  577 
   1    1    1 
   3
 268  517  559 
   1    1    1 
   5
 140  259  628  696  908 
   1    1    1    1    1 
   8
 552  604  612  661  721  744  954  969 
   1    1    1    1    1    1    1    1 
   7
  75  135  547  691  698  903  993 
   1    1    1    1    1    1    1 
   5
 181  365  428  444  481 
   1    1    1    1    1 
   6
 200  423  723  734  921  927 
   1    1    1    1    1    1 
   5
  75  121  502  569  889 
   1    1    1    1    1 
   4
 525  724  952  967 
   1    1    1    1 
   4
 607  704  727  771 
   1    1    1    1 
   7
 216  293  321  442  686  827  906 
   1    1    1    1    1    1    1 
   4
 322  621  648  714 
   1    1    1    1 
   5
 465  552  645  688  822 
   1    1    1    1    1 
   7
  79  264  421  439  509  576  712 
   1    1    1    1    1    1    1 
   7
  46  282  379  477  616  668  813 
   1    1    1    1    1    1    1 
   5
  15   16   63  131  415 
   1    1    1    1    1 
   3
 452  865  960 
   1    1    1 
   7
  37  224  276  433  705  866  944 
   1    1    1    1    1    1    1 
   2
  80  896 
   1    1 
   6
 140  333  360  763  860  864 
   1    1    1    1    1    1 
   3
 117  327  663 
   1    1    1 
   3
   1  304  949 
   1    1    1 
   3
 182  355  446 
   1    1    1 
   5
 117  326  602  651  861 
   1    1    1    1    1 
  13
  61  114  193  289  315  524  619  649  665  708  862  910  935 
   1    1    1    1    1    1    1    1    1    1    1    1    1 
   4
 199  413  798  910 
   1    1    1    1 
   6
  13   85   98  576  861  929 
   1    1    1    1    1    1 
   6
 105  351  356  526  860  899 
   1    1    1    1    1    1 
   7
 316  553  599  688  715  950  976 
   1    1    1    1    1    1    1 
   5
  39  267  296  507  995 
   1    1    1    1    1 
   5
  63  450  640  655  768 
   1    1    1    1    1 
   3
 146  794  799 
   1    1    1 
  10
 202  243  504  724  824  881  884  927  936  973 
   1    1    1    1    1    1    1    1    1    1 
   5
  89  319  385  633  683 
   1    1    1    1    1 
   6
 152  276  578  693  730  759 
   1    1    1    1    1    1 
   9
  50  169  258  263  318  338  485  783  925 
   1    1    1    1    1    1    1    1    1 
   5
  41  107  467  655  713 
   1    1    1    1    1 
   6
 387  391  800  898  919  938 
   1    1    1    1    1    1 
   6
  25  422  646  659  772  885 
   1    1    1    1    1    1 
   4
 245  380  752  898 
   1    1    1    1 
   3
   4  241  327 
   1    1    1 
   3
  43   44  381 
   1    1    1 
   4
 125  866  957  973 
   1    1    1    1 
   1
 491 
   1 
   5
  12  480  486  830  965 
   1    1    1    1    1 
   8
  45   52  473  482  563  617  764  887 
   1    1    1    1    1    1    1    1 
   8
  12  137  171  214  478  562  663  943 
   1    1    1    1    1    1    1    1 
   4
 400  532  737  911 
   1    1    1    1 
   3
  18  105  830 
   1    1    1 
   9
 269  694  697  732  751  804  828  858  950 
   1    1    1    1    1    1    1    1    1 
  10
 139  356  427  428  742  768  813  835  926  991 
   1    1    1    1    1    1    1    1    1    1 
   4
 113  266  599  990 
   1    1    1    1 
   8
  37  172  279  384  567  671  850  900 
   1    1    1    1    1    1    1    1 
   7
  45   84  153  331  760  864  899 
   1    1    1    1    1    1    1 
  10
  96  248  263  287  316  407  676  858  888  967 
   1    1    1    1    1    1    1    1    1    1 
   4
 179  273  530  812 
   1    1    1    1 
   5
  12   84  250  366  736 
   1    1    1    1    1 
   4
  25  288  410  700 
   1    1    1    1 
   5
 338  449  689  721  904 
   1    1    1    1    1 
  14
  12  271  272  330  340  419  448  625  799  893  902  911  944  965 
   1    1    1    1    1    1    1    1    1    1    1    1    1    1 
   6
  21  351  520  758  925  977 
   1    1    1    1    1    1 
   5
  91  371  447  683  714 
   1    1    1    1    1 
   7
 111  143  211  294  521  743  993 
   1    1    1    1    1    1    1 
   3
 283  529  773 
   1    1    1 
   5
 124  209  327  367  637 
   1    1    1    1    1 
   5
 371  494  624  798  856 
   1    1    1    1    1 
   5
 144  146  403  747  793 
   1    1    1    1    1 
   5
  81  193  334  534  808 
   1    1    1    1    1 
   4
 310  564  755  995 
   1    1    1    1 
  12
  34   80  157  264  581  680  718  719  762  775  829  935 
   1    1    1    1    1    1    1    1    1    1    1    1 
   4
  24   72  777  880 
   1    1    1    1 
   8
  67  307  458  499  541  589  723  956 
   1    1    1    1    1    1    1    1 
   3
 268  285  957 
   1    1    1 
   9
 102  106  280  307  402  481  570  596  918 
   1    1    1    1    1    1    1    1    1 
   5
  66   96  663  738  817 
   1    1    1    1    1 
   6
 407  533  697  847  877  955 
   1    1    1    1    1    1 
   6
 276  460  564  644  936  998 
   1    1    1    1    1    1 
   8
  14   23   73  164  337  420  453  835 
   1    1    1    1    1    1    1    1 
   4
 427  577  843  991 
   1    1    1    1 
   3
 368  448  896 
   1    1    1 
   6
 252  253  408  412  506  926 
   1    1    1    1    1    1 
   8
 259  431  717  733  761  873  911  946 
   1    1    1    1    1    1    1    1 
   5
 107  519  528  581  616 
   1    1    1    1    1 
   4
  32   97  503  693 
   1    1    1    1 
   4
 429  490  863  964 
   1    1    1    1 
   6
 391  457  599  869  917  943 
   1    1    1    1    1    1 
   5
 493  576  591  603  778 
   1    1    1    1    1 
   5
  90  242  524  570  791 
   1    1    1    1    1 
   3
 799  800  961 
   1    1    1 
   9
 105  244  271  301  427  477  905  973  987 
   1    1    1    1    1    1    1    1    1 
   2
   9  904 
   1    1 
   7
   6   44  380  439  541  553  556 
   1    1    1    1    1    1    1 
   6
 115  304  461  500  629  974 
   1    1    1    1    1    1 
   7
  18   21  124  279  682  913  915 
   1    1    1    1    1    1    1 
   4
  87  187  430  586 
   1    1    1    1 
   7
  80  234  357  462  512  680  934 
   1    1    1    1    1    1    1 
   6
   3  115  179  299  536  739 
   1    1    1    1    1    1 
   9
 236  296  381  410  440  473  663  723  980 
   1    1    1    1    1    1    1    1    1 
   6
  70  186  391  846  860  986 
   1    1    1    1    1    1 
   6
 609  630  639  665  855  867 
   1    1    1    1    1    1 
   6
  27   34   56  388  464  926 
   1    1    1    1    1    1 
   7
  14  201  405  476  477  607  750 
   1    1    1    1    1    1    1 
   9
 280  358  398  467  562  588  644  958  959 
   1    1    1    1    1    1    1    1    1 
   7
  51  203  563  630  888  928  983 
   1    1    1    1    1    1    1 
   5
 514  665  800  928  955 
   1    1    1    1    1 
   5
   2  123  227  536  826 
   1    1    1    1    1 
   9
  16   35  227  381  484  680  853  940  985 
   1    1    1    1    1    1    1    1    1 
   3
 520  951  992 
   1    1    1 
   3
 278  660  901 
   1    1    1 
   3
 127  370  788 
   1    1    1 
   4
 580  619  948  997 
   1    1    1    1 
   4
 182  724  819  974 
   1    1    1    1 
  11
   9  149  228  270  354  591  613  652  665  717  786 
   1    1    1    1    1    1    1    1    1    1    1 
   4
 265  318  332  404 
   1    1    1    1 
   5
 540  560  590  894  979 
   1    1    1    1    1 
   4
 445  502  720  837 
   1    1    1    1 
   5
 182  201  458  813  912 
   1    1    1    1    1 
  11
  65   95  117  160  216  423  568  604  724  845  963 
   1    1    1    1    1    1    1    1    1    1    1 
   6
 260  313  359  480  749  891 
   1    1    1    1    1    1 
   9
  72  198  289  377  449  470  792  928  995 
   1    1    1    1    1    1    1    1    1 
  10
  31   50   99  123  176  402  649  653  726  945 
   1    1    1    1    1    1    1    1    1    1 
  10
  44  148  219  282  331  349  378  614  812  864 
   1    1    1    1    1    1    1    1    1    1 
   5
 196  679  924  945  957 
   1    1    1    1    1 
  11
  73  259  376  408  424  454  507  508  603  629  951 
   1    1    1    1    1    1    1    1    1    1    1 
   7
 206  236  306  319  562  917  976 
   1    1    1    1    1    1    1 
   7
  87  115  117  206  511  552  603 
   1    1    1    1    1    1    1 
   3
   9  202  617 
   1    1    1 
   5
 125  726  939  953  993 
   1    1    1    1    1 
   5
 124  279  384  850  914 
   1    1    1    1    1 
   5
 164  181  223  354  831 
   1    1    1    1    1 
   8
   1   27  125  293  310  443  655  665 
   1    1    1    1    1    1    1    1 
   8
  35  255  384  524  555  925  984  985 
   1    1    1    1    1    1    1    1 
  11
 199  240  275  361  388  447  539  587  658  907  958 
   1    1    1    1    1    1    1    1    1    1    1 
   6
 220  249  400  590  618  871 
   1    1    1    1    1    1 
   6
  16   53  452  483  623  811 
   1    1    1    1    1    1 
   9
  23   83  161  268  341  545  547  733  804 
   1    1    1    1    1    1    1    1    1 
   7
  24  210  583  650  748  891  944 
   1    1    1    1    1    1    1 
   4
  53  128  535  942 
   1    1    1    1 
   7
  99  219  418  456  511  525  577 
   1    1    1    1    1    1    1 
   3
 124  369  773 
   1    1    1 
   5
 117  201  656  703  963 
   1    1    1    1    1 
   3
 204  415  655 
   1    1    1 
   6
 130  171  266  696  770  840 
   1    1    1    1    1    1 
   2
 484  512 
   1    1 
   8
 405  482  491  527  574  864  878  897 
   1    1    1    1    1    1    1    1 
   6
  11  101  307  785  858  887 
   1    1    1    1    1    1 
   4
 157  277  371  739 
   1    1    1    1 
  10
 209  310  312  669  690  696  775  941  966  976 
   1    1    1    1    1    1    1    1    1    1 
   8
  56   75  139  335  433  650  684  906 
   1    1    1    1    1    1    1    1 
   7
 136  176  244  356  748  993 1000 
   1    1    1    1    1    1    1 
   1
 636 
   1 
   7
 323  355  614  682  688  900  962 
   1    1    1    1    1    1    1 
   4
  46  243  664  790 
   1    1    1    1 
   3
   7   56  804 
   1    1    1 
  10
  66  134  236  369  443  563  585  746  918  932 
   1    1    1    1    1    1    1    1    1    1 
   5
 414  425  494  696  848 
   1    1    1    1    1 
   3
 305  689  972 
   1    1    1 
   4
 168  239  343  936 
   1    1    1    1 
   4
  91   94  303  865 
   1    1    1    1 
   4
 271  403  906  949 
   1    1    1    1 
   9
  93  218  220  292  311  411  436  815  854 
   1    1    1    1    1    1    1    1    1 
   4
  64  366  456  982 
   1    1    1    1 
   2
 373  537 
   1    1 
   9
 215  277  294  320  412  426  474  799  854 
   1    1    1    1    1    1    1    1    1 
   9
 307  312  362  375  440  589  796  801  970 
   1    1    1    1    1    1    1    1    1 
  12
  26   35  294  311  372  400  409  473  474  531  587  758 
   1    1    1    1    1    1    1    1    1    1    1    1 
   5
  70   82  265  478  910 
   1    1    1    1    1 
   4
 119  390  683  986 
   1    1    1    1 
   3
  12  171  878 
   1    1    1 
   9
  61   91  175  201  330  412  501  604  840 
   1    1    1    1    1    1    1    1    1 
   2
 338  345 
   1    1 
   3
 182  260  417 
   1    1    1 
   6
  88  180  271  402  538  743 
   1    1    1    1    1    1 
   4
 310  575  613  877 
   1    1    1    1 
   5
  20  157  387  588  594 
   1    1    1    1    1 
   9
  52  116  158  533  792  867  885  917  926 
   1    1    1    1    1    1    1    1    1 
   3
 298  551  593 
   1    1    1 
   7
  59  498  640  647  666  771  829 
   1    1    1    1    1    1    1 
   4
 701  705  745  911 
   1    1    1    1 
   6
  15  170  409  420  679  744 
   1    1    1    1    1    1 
  13
  33  105  117  167  187  211  330  382  400  406  558  810  942 
   1    1    1    1    1    1    1    1    1    1    1    1    1 
   8
 503  696  771  795  827  881  909  999 
   1    1    1    1    1    1    1    1 
   3
 515  597  682 
   1    1    1 
   8
  20   27  206  316  327  388  780  873 
   1    1    1    1    1    1    1    1 
   9
  13   59  200  268  369  443  795  838  862 
   1    1    1    1    1    1    1    1    1 
   4
 107  127  260  478 
   1    1    1    1 
   7
 108  166  382  616  661  814  956 
   1    1    1    1    1    1    1 
   5
 214  642  713  731  968 
   1    1    1    1    1 
   4
  45  295  374  950 
   1    1    1    1 
   4
  86  356  687  906 
   1    1    1    1 
   4
 224  499  666  711 
   1    1    1    1 
   8
  91  182  205  317  366  489  582  967 
   1    1    1    1    1    1    1    1 
   8
  70  432  516  674  714  791  898  912 
   1    1    1    1    1    1    1    1 
   5
  59   89  206  703  801 
   1    1    1    1    1 
   8
  57  282  353  419  518  675  695  725 
   1    1    1    1    1    1    1    1 
   2
 622  974 
   1    1 
   4
 304  367  638  726 
   1    1    1    1 
   7
 393  494  646  674  694  796  898 
   1    1    1    1    1    1    1 
   6
 317  387  452  660  705  903 
   1    1    1    1    1    1 
   6
  45   85  119  481  523  826 
   1    1    1    1    1    1 
   6
 549  698  832  837  844  946 
   1    1    1    1    1    1 
   3
  71  942  944 
   1    1    1 
   3
 268  414  473 
   1    1    1 
   3
 788  790  969 
   1    1    1 
   8
 174  207  400  496  622  762  810  916 
   1    1    1    1    1    1    1    1 
   7
  65  135  408  616  846  930  935 
   1    1    1    1    1    1    1 
   8
   9  126  341  365  590  652  955  988 
   1    1    1    1    1    1    1    1 
  11
  15   41  259  276  547  557  626  653  668  872  953 
   1    1    1    1    1    1    1    1    1    1    1 
   9
 169  298  462  487  615  723  743  786  811 
   1    1    1    1    1    1    1    1    1 
  11
 106  174  197  296  336  434  435  586  592  720  916 
   1    1    1    1    1    1    1    1    1    1    1 
   6
 128  242  648  739  930  942 
   1    1    1    1    1    1 
   8
 249  437  453  479  586  670  725  821 
   1    1    1    1    1    1    1    1 
   4
 265  403  636  939 
   1    1    1    1 
   9
  53   72  166  367  405  494  530  563  913 
   1    1    1    1    1    1    1    1    1 
   4
  83  279  758  799 
   1    1    1    1 
   6
  21  311  534  543  600  893 
   1    1    1    1    1    1 
   6
 481  627  663  704  898  945 
   1    1    1    1    1    1 
   6
  88   91  118  395  506  850 
   1    1    1    1    1    1 
   8
 152  353  480  487  497  634  868  910 
   1    1    1    1    1    1    1    1 
   7
 203  308  338  446  563  600  944 
   1    1    1    1    1    1    1 
   6
  71   82  211  343  360  697 
   1    1    1    1    1    1 
   3
 226  517  959 
   1    1    1 
   5
  36  286  301  331  714 
   1    1    1    1    1 
  10
 256  478  485  656  669  694  746  752  951  987 
   1    1    1    1    1    1    1    1    1    1 
  11
  20  137  208  212  293  579  597  820  848  988  989 
   1    1    1    1    1    1    1    1    1    1    1 
   7
  80  312  428  570  619  929  930 
   1    1    1    1    1    1    1 
   3
  73   74  309 
   1    1    1 
  11
  55  147  335  383  421  423  441  510  755  921  930 
   1    1    1    1    1    1    1    1    1    1    1 
   6
  37  311  444  599  692  918 
   1    1    1    1    1    1 
   4
 270  405  522  762 
   1    1    1    1 
   9
  80  104  266  388  475  511  706  798  850 
   1    1    1    1    1    1    1    1    1 
   4
 268  382  679  769 
   1    1    1    1 
   3
  92  161  509 
   1    1    1 
   4
 186  238  497  956 
   1    1    1    1 
   5
 188  244  253  564  943 
   1    1    1    1    1 
   6
 327  333  378  682  824  841 
   1    1    1    1    1    1 
   7
 121  374  653  677  865  880  952 
   1    1    1    1    1    1    1 
   8
 130  199  275  278  509  701  874  966 
   1    1    1    1    1    1    1    1 
   5
  33  180  571  773  846 
   1    1    1    1    1 
   2
  69  835 
   1    1 
   8
 184  321  345  490  652  666  885  930 
   1    1    1    1    1    1    1    1 
   4
 247  279  330  377 
   1    1    1    1 
   3
  65  125  821 
   1    1    1 
   5
  45   88  314  405  942 
   1    1    1    1    1 
  11
 108  121  184  232  245  571  614  760  840  895  953 
   1    1    1    1    1    1    1    1    1    1    1 
   4
 541  642  741  767 
   1    1    1    1 
   2
 344  572 
   1    1 
   3
  93  637  797 
   1    1    1 
   4
 137  139  364  570 
   1    1    1    1 
   5
   6   45   48  560  703 
   1    1    1    1    1 
   4
  84  139  421  996 
   1    1    1    1 
   6
  68  249  467  654  742  771 
   1    1    1    1    1    1 
   3
 130  921  940 
   1    1    1 
  13
 194  280  312  327  351  571  593  739  809  825  856  863  997 
   1    1    1    1    1    1    1    1    1    1    1    1    1 
   9
  73  111  457  499  571  587  628  694  749 
   1    1    1    1    1    1    1    1    1 
   5
 220  267  319  743  871 
   1    1    1    1    1 
   8
  61   63  213  306  359  418  421  635 
   1    1    1    1    1    1    1    1 
   5
 142  260  685  719  736 
   1    1    1    1    1 
  10
 122  248  291  360  376  390  451  488  696  851 
   1    1    1    1    1    1    1    1    1    1 
   4
 327  708  811  923 
   1    1    1    1 
   5
  90  201  222  675  736 
   1    1    1    1    1 
   5
 227  270  352  578  781 
   1    1    1    1    1 
   7
  35  312  326  469  637  831  993 
   1    1    1    1    1    1    1 
  12
  49   94  116  204  244  576  672  690  827  853  912  916 
   1    1    1    1    1    1    1    1    1    1    1    1 
   5
 307  845  941  970  974 
   1    1    1    1    1 
   5
 227  310  316  527  709 
   1    1    1    1    1 
   4
  96  172  478  542 
   1    1    1    1 
   6
 101  302  349  436  864  943 
   1    1    1    1    1    1 
   3
 145  162  288 
   1    1    1 
   6
  80  140  632  811  894  941 
   1    1    1    1    1    1 
   3
 318  457  544 
   1    1    1 
   5
 285  403  487  518  666 
   1    1    1    1    1 
   6
 206  341  718  839  877  912 
   1    1    1    1    1    1 
  10
  66  224  326  710  746  855  906  959  966  980 
   1    1    1    1    1    1    1    1    1    1 
   6
 160  374  397  403  915  957 
   1    1    1    1    1    1 
   4
 143  185  905  940 
   1    1    1    1 
   3
 153  264  374 
   1    1    1 
   5
 270  653  654  659  972 
   1    1    1    1    1 
   4
 144  302  443  790 
   1    1    1    1 
   4
 310  528  794  970 
   1    1    1    1 
  10
 119  197  225  236  451  636  643  843  850  941 
   1    1    1    1    1    1    1    1    1    1 
   8
 152  197  372  593  736  792  815  879 
   1    1    1    1    1    1    1    1 
   3
 231  839  922 
   1    1    1 
   3
  89  241  780 
   1    1    1 
   8
  67  228  433  453  554  687  727  965 
   1    1    1    1    1    1    1    1 
   6
  60  140  339  466  496  834 
   1    1    1    1    1    1 
   8
 164  295  431  490  802  824  861  908 
   1    1    1    1    1    1    1    1 
   5
  53  356  452  698  744 
   1    1    1    1    1 
   4
 356  461  644  913 
   1    1    1    1 
   8
  71  307  414  575  886  922  954  969 
   1    1    1    1    1    1    1    1 
   5
  25   97  358  491  969 
   1    1    1    1    1 
   5
 544  704  725  847  863 
   1    1    1    1    1 
   6
 160  238  466  514  832  940 
   1    1    1    1    1    1 
   7
  58   83  244  311  635  827  908 
   1    1    1    1    1    1    1 
   5
 113  374  492  697  770 
   1    1    1    1    1 
   4
 157  793  815  913 
   1    1    1    1 
   9
 277  301  331  425  665  703  721  877  883 
   1    1    1    1    1    1    1    1    1 
   7
  23   68  152  375  471  837  866 
   1    1    1    1    1    1    1 
   5
  62  262  537  593  875 
   1    1    1    1    1 
   5
 169  366  621  874  990 
   1    1    1    1    1 
   7
  75  208  279  770  849  926  965 
   1    1    1    1    1    1    1 
   8
  45   87  206  226  511  720  790  829 
   1    1    1    1    1    1    1    1 
   6
 123  205  266  600  771  877 
   1    1    1    1    1    1 
   5
  24  177  695  721  937 
   1    1    1    1    1 
   5
 405  427  853  884  947 
   1    1    1    1    1 
   8
 163  281  345  434  530  794  987  989 
   1    1    1    1    1    1    1    1 
   5
  21  224  358  431  626 
   1    1    1    1    1 
   6
 146  270  487  697  750  947 
   1    1    1    1    1    1 
   4
  58  685  750  824 
   1    1    1    1 
   4
 285  308  483  551 
   1    1    1    1 
   8
  25  232  401  417  527  848  954  964 
   1    1    1    1    1    1    1    1 
   5
 218  263  540  636  885 
   1    1    1    1    1 
   9
  26  492  594  682  708  722  818  950  967 
   1    1    1    1    1    1    1    1    1 
   3
 108  223  949 
   1    1    1 
   7
 239  435  544  580  765  928  956 
   1    1    1    1    1    1    1 
   3
 242  355  480 
   1    1    1 
   4
  99  568  814  970 
   1    1    1    1 
   4
 114  247  812  996 
   1    1    1    1 
   4
  80  159  696  957 
   1    1    1    1 
   7
 118  432  439  541  728  758  816 
   1    1    1    1    1    1    1 
   7
  57  183  249  398  611  766  859 
   1    1    1    1    1    1    1 
   4
  72  791  819  928 
   1    1    1    1 
  10
   4  409  500  535  567  649  720  878  887  973 
   1    1    1    1    1    1    1    1    1    1 
   2
 266  692 
   1    1 
   6
  57   93  117  444  583  655 
   1    1    1    1    1    1 
   4
   7  620  758  980 
   1    1    1    1 
  12
 116  192  244  312  349  692  724  748  778  846  876  983 
   1    1    1    1    1    1    1    1    1    1    1    1 
   3
 310  312  667 
   1    1    1 
   2
 377  861 
   1    1 
   5
  10  139  248  530  609 
   1    1    1    1    1 
   8
  44   92  161  236  248  597  738  938 
   1    1    1    1    1    1    1    1 
   8
 115  193  313  332  370  413  493  617 
   1    1    1    1    1    1    1    1 
   6
  98  358  628  629  711  996 
   1    1    1    1    1    1 
   9
  67  124  147  191  265  365  462  482  575 
   1    1    1    1    1    1    1    1    1 
   5
 152  220  346  363  808 
   1    1    1    1    1 
   5
 192  291  480  518  753 
   1    1    1    1    1 
   5
 281  456  652  780  937 
   1    1    1    1    1 
   6
  32  253  290  561  862  886 
   1    1    1    1    1    1 
   8
 101  102  182  370  511  548  657  837 
   1    1    1    1    1    1    1    1 
   4
  14  191  704  902 
   1    1    1    1 
  10
 105  122  355  365  418  454  525  599  802  993 
   1    1    1    1    1    1    1    1    1    1 
   4
  15  405  926  961 
   1    1    1    1 
   5
  31  338  680  810  994 
   1    1    1    1    1 
   8
 108  231  387  433  739  752  894  995 
   1    1    1    1    1    1    1    1 
   7
 190  291  437  623  714  956  965 
   1    1    1    1    1    1    1 
   6
  94  441  459  577  646  729 
   1    1    1    1    1    1 
   6
 117  133  233  478  662  914 
   1    1    1    1    1    1 
   5
 212  302  344  360  709 
   1    1    1    1    1 
   5
  11   31   70  109  115 
   1    1    1    1    1 
   3
 351  432  645 
   1    1    1 
   5
 365  380  551  707  744 
   1    1    1    1    1 
   5
 324  697  905  906  911 
   1    1    1    1    1 
   5
 125  218  337  401  682 
   1    1    1    1    1 
   6
  15  239  469  558  630  836 
   1    1    1    1    1    1 
   5
 316  597  646  808  858 
   1    1    1    1    1 
   5
  25   75  154  262  610 
   1    1    1    1    1 
   6
 133  230  328  762  805  954 
   1    1    1    1    1    1 
   4
  56  179  668  784 
   1    1    1    1 
   4
 107  134  516  873 
   1    1    1    1 
   6
 131  227  364  587  627  749 
   1    1    1    1    1    1 
   5
 176  270  528  588  992 
   1    1    1    1    1 
   6
  24  143  270  657  864  962 
   1    1    1    1    1    1 
   7
 160  379  384  514  692  785  895 
   1    1    1    1    1    1    1 
   4
  99  374  642  664 
   1    1    1    1 
   9
 111  272  285  377  448  485  528  575  718 
   1    1    1    1    1    1    1    1    1 
   5
 242  290  534  685  985 
   1    1    1    1    1 
   4
  68   85  778  877 
   1    1    1    1 
   7
  37  104  251  439  509  756  875 
   1    1    1    1    1    1    1 
   2
 329  540 
   1    1 
   6
   8  144  339  505  604  875 
   1    1    1    1    1    1 
  10
  81  112  126  148  368  574  608  767  952  983 
   1    1    1    1    1    1    1    1    1    1 
   7
  30   90  341  418  482  576  695 
   1    1    1    1    1    1    1 
   5
  34  110  229  622  794 
   1    1    1    1    1 
   6
 108  122  207  254  736  872 
   1    1    1    1    1    1 
   7
  21   59   97  209  533  753  794 
   1    1    1    1    1    1    1 
   5
  48  376  827  976  999 
   1    1    1    1    1 
   6
 346  537  557  779  908  987 
   1    1    1    1    1    1 
   4
 171  234  278  621 
   1    1    1    1 
   8
 155  285  487  643  758  884  919  967 
   1    1    1    1    1    1    1    1 
   2
 174  825 
   1    1 
   6
  68  291  412  457  819  937 
   1    1    1    1    1    1 
   9
  84  111  229  426  507  511  734  848  887 
   1    1    1    1    1    1    1    1    1 
   4
 210  593  718  766 
   1    1    1    1 
   9
  82   93  144  202  360  452  476  973  981 
   1    1    1    1    1    1    1    1    1 
   6
  10   34  312  577  612  739 
   1    1    1    1    1    1 
   3
 194  979  983 
   1    1    1 
   7
  25   57  222  322  521  551  714 
   1    1    1    1    1    1    1 
   8
   5  214  362  512  583  871  930  997 
   1    1    1    1    1    1    1    1 
   6
 284  469  573  631  699  748 
   1    1    1    1    1    1 
   5
 243  252  736  779  791 
   1    1    1    1    1 
   6
 309  445  523  645  790  998 
   1    1    1    1    1    1 
   5
  18  319  569  675  929 
   1    1    1    1    1 
   5
   4  142  279  683  978 
   1    1    1    1    1 
   4
  19  261  458  515 
   1    1    1    1 
   7
 218  238  392  466  767  867  942 
   1    1    1    1    1    1    1 
   2
 413  796 
   1    1 
   5
  71  362  572  784  908 
   1    1    1    1    1 
   8
  25  417  438  461  619  737  782  866 
   1    1    1    1    1    1    1    1 
   4
  57  282  877  885 
   1    1    1    1 
   4
 140  579  766  822 
   1    1    1    1 
   7
 151  282  354  566  634  744  864 
   1    1    1    1    1    1    1 
   3
 485  634  740 
   1    1    1 
   2
 347  828 
   1    1 
   6
  35   46  721  727  863  980 
   1    1    1    1    1    1 
  13
 129  323  456  497  533  566  592  606  730  756  862  899  963 
   1    1    1    1    1    1    1    1    1    1    1    1    1 
   3
 150  159  272 
   1    1    1 
   6
  72  175  238  726  747  884 
   1    1    1    1    1    1 
   7
  37  431  590  623  647  668  772 
   1    1    1    1    1    1    1 
   5
 278  605  826  828  876 
   1    1    1    1    1 
   9
  31  141  238  603  697  698  707  736  882 
   1    1    1    1    1    1    1    1    1 
   4
 354  523  707  936 
   1    1    1    1 
   4
 121  327  500  787 
   1    1    1    1 
   9
   4   31   58  148  658  714  812  914  959 
   1    1    1    1    1    1    1    1    1 
   4
 261  396  630  696 
   1    1    1    1 
   4
 484  643  707  732 
   1    1    1    1 
   5
 193  249  271  572  667 
   1    1    1    1    1 
  12
 138  192  250  301  360  366  763  822  901  929  936  976 
   1    1    1    1    1    1    1    1    1    1    1    1 
   5
  85  215  223  381  737 
   1    1    1    1    1 
   6
 639  661  748  907  926  943 
   1    1    1    1    1    1 
   8
 547  551  602  693  706  872  876  950 
   1    1    1    1    1    1    1    1 
   3
 199  469  913 
   1    1    1 
   8
 264  463  588  669  699  709  791  965 
   1    1    1    1    1    1    1    1 
   7
 102  154  538  745  822  833  908 
   1    1    1    1    1    1    1 
   7
 105  220  234  372  395  852  986 
   1    1    1    1    1    1    1 
   7
 130  385  391  400  401  655  972 
   1    1    1    1    1    1    1 
   9
 393  543  562  594  663  793  843  861  889 
   1    1    1    1    1    1    1    1    1 
   3
   1   94  535 
   1    1    1 
   7
  10   99  291  517  727  753  813 
   1    1    1    1    1    1    1 
   7
  61  320  436  480  511  785  944 
   1    1    1    1    1    1    1 
  11
  13   30  160  173  233  410  518  628  640  647  922 
   1    1    1    1    1    1    1    1    1    1    1 
   5
 147  225  285  492  531 
   1    1    1    1    1 
   5
 181  408  699  823  991 
   1    1    1    1    1 
   7
  12   64  121  371  546  762  966 
   1    1    1    1    1    1    1 
   5
  27  257  461  862  941 
   1    1    1    1    1 
   4
 216  229  842  947 
   1    1    1    1 
   3
 338  928  951 
   1    1    1 
   8
  71  100  283  471  534  679  845  947 
   1    1    1    1    1    1    1    1 
   3
  67  780  851 
   1    1    1 
   8
 110  135  301  590  608  731  752  895 
   1    1    1    1    1    1    1    1 
   6
 241  356  358  728  739  879 
   1    1    1    1    1    1 
   8
  50   64  279  312  401  506  768  988 
   1    1    1    1    1    1    1    1 
   9
  98  249  321  507  568  614  766  948  973 
   1    1    1    1    1    1    1    1    1 
   4
 218  311  624  984 
   1    1    1    1 
   6
 261  280  353  554  585  918 
   1    1    1    1    1    1 
   6
  72  136  233  259  687 1000 
   1    1    1    1    1    1 
  10
  74  356  551  602  655  659  686  783  901  944 
   1    1    1    1    1    1    1    1    1    1 
   9
  45  323  400  428  445  529  669  893  918 
   1    1    1    1    1    1    1    1    1 
   5
 110  321  459  572  902 
   1    1    1    1    1 
   4
 115  627  724  839 
   1    1    1    1 
   5
 220  696  771  798  939 
   1    1    1    1    1 
   6
 329  371  477  501  827  913 
   1    1    1    1    1    1 
   6
  11   21  136  648  944  978 
   1    1    1    1    1    1 
   7
 175  198  232  375  487  867  906 
   1    1    1    1    1    1    1 
  11
   1   38   45   46   88  132  362  366  449  607  960 
   1    1    1    1    1    1    1    1    1    1    1 
   2
  99  632 
   1    1 
  10
  34   62  121  170  566  592  668  684  750  818 
   1    1    1    1    1    1    1    1    1    1 
   9
  18   79  233  270  272  556  765  781  927 
   1    1    1    1    1    1    1    1    1 
   7
  95  150  264  316  516  776  801 
   1    1    1    1    1    1    1 
   5
  38  555  607  640  906 
   1    1    1    1    1 
   5
  60  122  551  860  896 
   1    1    1    1    1 
   4
 156  248  600  605 
   1    1    1    1 
   3
   6  517  585 
   1    1    1 
   3
 246  476  916 
   1    1    1 
   7
  13  502  636  706  868  884  990 
   1    1    1    1    1    1    1 
   5
   2  117  467  748  777 
   1    1    1    1    1 
   9
  54  102  127  150  531  654  671  940  992 
   1    1    1    1    1    1    1    1    1 
   5
 105  259  320  893  930 
   1    1    1    1    1 
  11
  16   34   90  115  268  298  391  588  697  702  731 
   1    1    1    1    1    1    1    1    1    1    1 
   3
 355  941  989 
   1    1    1 
   8
  30  161  229  333  352  713  718  738 
   1    1    1    1    1    1    1    1 
   4
  34  192  273  478 
   1    1    1    1 
   6
  19  122  280  773  886  945 
   1    1    1    1    1    1 
   8
  74  105  171  257  372  544  991  995 
   1    1    1    1    1    1    1    1 
   6
  35  472  765  879  903  948 
   1    1    1    1    1    1 
   7
  33  158  446  524  740  786  941 
   1    1    1    1    1    1    1 
   9
  39  109  342  351  519  628  780  909  926 
   1    1    1    1    1    1    1    1    1 
   5
 281  491  554  677  935 
   1    1    1    1    1 
   7
  25   67  212  589  878  883  994 
   1    1    1    1    1    1    1 
   3
  46  206  917 
   1    1    1 
   2
 354  453 
   1    1 
   4
 363  506  595  868 
   1    1    1    1 
   7
  72  149  401  479  576  622  883 
   1    1    1    1    1    1    1 
   7
 239  270  479  873  878  924  981 
   1    1    1    1    1    1    1 
   8
  85  246  250  500  560  917  941  947 
   1    1    1    1    1    1    1    1 
   6
  22  535  639  708  784  900 
   1    1    1    1    1    1 
   2
 416  601 
   1    1 
   6
 180  688  700  718  815  893 
   1    1    1    1    1    1 
   6
  94  125  365  547  548  865 
   1    1    1    1    1    1 
   7
  30  119  403  440  644  915  998 
   1    1    1    1    1    1    1 
   9
  98  145  297  359  427  458  610  643  997 
   1    1    1    1    1    1    1    1    1 
   5
  51  106  211  394  409 
   1    1    1    1    1 
   4
 343  642  667  717 
   1    1    1    1 
   7
 246  565  631  666  674  802  919 
   1    1    1    1    1    1    1 
   7
 132  177  324  576  605  669  897 
   1    1    1    1    1    1    1 
   3
  38  838  868 
   1    1    1 
   4
 334  392  510  638 
   1    1    1    1 
   6
  47  427  525  561  636  673 
   1    1    1    1    1    1 
   7
  53  223  249  435  635  878  972 
   1    1    1    1    1    1    1 
   6
 159  496  537  690  697  835 
   1    1    1    1    1    1 
   9
  54  123  185  344  492  501  682  825  889 
   1    1    1    1    1    1    1    1    1 
   5
  48  324  554  576  958 
   1    1    1    1    1 
   7
 134  140  158  357  598  705  791 
   1    1    1    1    1    1    1 
   7
  60  127  171  267  469  758  851 
   1    1    1    1    1    1    1 
   3
  29  283  295 
   1    1    1 
   5
  16  170  760  902  987 
   1    1    1    1    1 
   8
  61  103  259  353  387  483  879  935 
   1    1    1    1    1    1    1    1 
   6
 267  354  383  424  778  971 
   1    1    1    1    1    1 
   7
 134  398  424  612  697  705  721 
   1    1    1    1    1    1    1 
  12
 177  183  277  288  471  571  592  725  733  740  769  912 
   1    1    1    1    1    1    1    1    1    1    1    1 
   9
 287  370  718  804  821  868  876  948  997 
   1    1    1    1    1    1    1    1    1 
   3
 485  508  794 
   1    1    1 
   6
 143  279  559  686  729  967 
   1    1    1    1    1    1 
   4
 185  424  592  802 
   1    1    1    1 
   6
 255  345  713  825  847  984 
   1    1    1    1    1    1 
   8
  55  150  333  565  775  803  832  942 
   1    1    1    1    1    1    1    1 
   3
 117  493  860 
   1    1    1 
   7
 167  193  221  244  363  572  728 
   1    1    1    1    1    1    1 
   3
  68  299  510 
   1    1    1 
  10
  48  171  246  251  259  277  443  780  889  899 
   1    1    1    1    1    1    1    1    1    1 
   7
 324  337  387  418  639  735  949 
   1    1    1    1    1    1    1 
  10
  47   75  474  562  638  736  749  857  885  902 
   1    1    1    1    1    1    1    1    1    1 
   8
 128  161  354  504  554  602  799  800 
   1    1    1    1    1    1    1    1 
   8
 294  370  568  593  640  749  771  949 
   1    1    1    1    1    1    1    1 
   5
  91  358  879  900  952 
   1    1    1    1    1 
   3
  23  199  612 
   1    1    1 
   1
 410 
   1 
   2
 643  699 
   1    1 
   8
  51   70   94  339  344  639  817  994 
   1    1    1    1    1    1    1    1 
   3
 341  407  538 
   1    1    1 
   3
 201  700  815 
   1    1    1 
   6
  15  383  623  779  856  999 
   1    1    1    1    1    1 
   3
  62  836  986 
   1    1    1 
   7
  40  269  326  378  583  798  890 
   1    1    1    1    1    1    1 
   6
 216  242  253  489  844  851 
   1    1    1    1    1    1 
   2
 771  883 
   1    1 
   8
  68  240  298  329  382  459  499  646 
   1    1    1    1    1    1    1    1 
   5
 138  180  208  314  539 
   1    1    1    1    1 
   4
  30  295  602  870 
   1    1    1    1 
   3
 404  455  512 
   1    1    1 
   5
 157  592  658  790  848 
   1    1    1    1    1 
   5
 118  336  431  591  917 
   1    1    1    1    1 
   7
 109  159  175  298  633  815  861 
   1    1    1    1    1    1    1 
   5
 205  303  703  823  962 
   1    1    1    1    1 
   7
  41  294  410  645  814  822  996 
   1    1    1    1    1    1    1 
   3
 151  716  778 
   1    1    1 
   7
 375  470  473  509  722  754  858 
   1    1    1    1    1    1    1 
   5
 181  230  566  936 1000 
   1    1    1    1    1 
   9
 125  196  344  370  401  698  722  768  837 
   1    1    1    1    1    1    1    1    1 
   8
  54   63  341  450  518  703  736  899 
   1    1    1    1    1    1    1    1 
  12
  13  149  289  294  302  328  405  465  560  596  730  941 
   1    1    1    1    1    1    1    1    1    1    1    1 
  10
 196  222  367  441  454  498  556  614  645  654 
   1    1    1    1    1    1    1    1    1    1 
   5
 151  347  434  556  694 
   1    1    1    1    1 
  10
  17  112  535  568  578  673  752  759  819  942 
   1    1    1    1    1    1    1    1    1    1 
   4
  36  204  633  676 
   1    1    1    1 
   5
  53  143  325  384  967 
   1    1    1    1    1 
   2
 614  874 
   1    1 
   8
 287  340  396  443  689  695  935  954 
   1    1    1    1    1    1    1    1 
   7
 101  156  363  438  486  881  961 
   1    1    1    1    1    1    1 
   6
 164  325  345  648  654  714 
   1    1    1    1    1    1 
   5
  56  377  566  610  796 
   1    1    1    1    1 
   8
  12  497  556  557  561  724  765  927 
   1    1    1    1    1    1    1    1 
   5
 171  406  459  631  870 
   1    1    1    1    1 
   6
   1   96  412  494  568  799 
   1    1    1    1    1    1 
   6
 131  420  733  755  897  970 
   1    1    1    1    1    1 
   5
  56  337  479  734  922 
   1    1    1    1    1 
   4
  35  139  160  756 
   1    1    1    1 
   5
  58  183  334  616  660 
   1    1    1    1    1 
  12
  31  158  208  339  369  491  533  559  705  789  882  965 
   1    1    1    1    1    1    1    1    1    1    1    1 
   2
 175  832 
   1    1 
   3
  24   49  691 
   1    1    1 
   4
 228  259  638  924 
   1    1    1    1 
  12
  24   44  216  419  511  529  616  633  656  763  905  910 
   1    1    1    1    1    1    1    1    1    1    1    1 
   4
  83  216  404  844 
   1    1    1    1 
   6
  24  262  356  448  469  882 
   1    1    1    1    1    1 
   8
 150  205  443  450  550  654  902  991 
   1    1    1    1    1    1    1    1 
   5
  79   83  459  692  694 
   1    1    1    1    1 
   7
  16  153  218  244  355  740  851 
   1    1    1    1    1    1    1 
  11
  57  155  179  258  264  473  595  707  780  813  845 
   1    1    1    1    1    1    1    1    1    1    1 
   9
  29   62  341  358  438  655  767  887  913 
   1    1    1    1    1    1    1    1    1 
   5
 267  274  343  553  971 
   1    1    1    1    1 
   8
  44   83  156  431  550  574  760  915 
   1    1    1    1    1    1    1    1 
   6
  76  466  586  663  942  991 
   1    1    1    1    1    1 
   5
  57  492  658  958  960 
   1    1    1    1    1 
   4
 181  551  696  896 
   1    1    1    1 
   7
  46  334  585  614  808  854  909 
   1    1    1    1    1    1    1 
   4
 196  561  816  970 
   1    1    1    1 
   7
 115  228  282  655  710  758  936 
   1    1    1    1    1    1    1 
   5
 153  528  711  776  905 
   1    1    1    1    1 
   2
   1  666 
   1    1 
  13
  45   46   60  203  404  407  428  520  536  556  667  695  836 
   1    1    1    1    1    1    1    1    1    1    1    1    1 
   6
 108  194  544  564  812  875 
   1    1    1    1    1    1 
   9
  23   63  221  477  616  815  966  979  995 
   1    1    1    1    1    1    1    1    1 
  11
  64   91  243  293  357  400  490  531  586  786  961 
   1    1    1    1    1    1    1    1    1    1    1 
   8
 125  548  621  655  723  836  945  958 
   1    1    1    1    1    1    1    1 
   8
  43  392  848  887  896  944  982  988 
   1    1    1    1    1    1    1    1 
   3
  88  197  398 
   1    1    1 
   4
 209  319  355  402 
   1    1    1    1 
   9
  66  100  150  326  434  497  547  824  831 
   1    1    1    1    1    1    1    1    1 
   4
  33  103  325  569 
   1    1    1    1 
   3
 301  370  420 
   1    1    1 
   6
 114  140  213  553  908  988 
   1    1    1    1    1    1 
   7
 283  296  473  535  565  611  779 
   1    1    1    1    1    1    1 
  12
   9   95  124  265  401  506  667  669  761  858  864  929 
   1    1    1    1    1    1    1    1    1    1    1    1 
   8
  65   85  113  248  454  455  602  837 
   1    1    1    1    1    1    1    1 
   3
 118  196  782 
   1    1    1 
   7
 186  370  490  585  699  788  942 
   1    1    1    1    1    1    1 
   4
 482  521  574  904 
   1    1    1    1 
   2
  51  692 
   1    1 
   6
 215  374  710  817  841  850 
   1    1    1    1    1    1 
   6
  66   70  514  551  712  758 
   1    1    1    1    1    1 
   1
  17 
   1 
  11
 207  312  361  466  472  525  649  733  756  963  999 
   1    1    1    1    1    1    1    1    1    1    1 
   4
 125  181  699  970 
   1    1    1    1 
   5
  48  200  391  651  727 
   1    1    1    1    1 
   4
 228  749  816  982 
   1    1    1    1 
   6
 216  351  376  503  579  907 
   1    1    1    1    1    1 
   6
 166  563  718  777  822  843 
   1    1    1    1    1    1 
   1
 192 
   1 
   7
  43  113  461  603  620  707  779 
   1    1    1    1    1    1    1 
   6
 145  467  529  546  588  843 
   1    1    1    1    1    1 
   7
  37   74   96  392  517  541  725 
   1    1    1    1    1    1    1 
   6
  94  177  197  587  694  969 
   1    1    1    1    1    1 
   3
 134  378  655 
   1    1    1 
   5
 289  441  447  950  953 
   1    1    1    1    1 
  10
 156  324  328  398  449  596  669  681  833  914 
   1    1    1    1    1    1    1    1    1    1 
   6
 185  554  835  853  871  927 
   1    1    1    1    1    1 
   5
 210  286  385  618  944 
   1    1    1    1    1 
   2
  76  885 
   1    1 
   5
  53  216  294  661  784 
   1    1    1    1    1 
   4
 129  604  734  823 
   1    1    1    1 
   4
 217  611  763  907 
   1    1    1    1 
   7
 233  473  513  653  691  816  908 
   1    1    1    1    1    1    1 
   6
 523  536  677  748  765  883 
   1    1    1    1    1    1 
  10
  73   79  330  430  483  584  622  665  724  954 
   1    1    1    1    1    1    1    1    1    1 
   2
 408  603 
   1    1 
   3
 143  544  751 
   1    1    1 
   4
 182  592  939  998 
   1    1    1    1 
   7
  32   58  504  543  631  775  926 
   1    1    1    1    1    1    1 
   3
 292  509  575 
   1    1    1 
   6
  58  259  355  621  739  833 
   1    1    1    1    1    1 
   2
 558  985 
   1    1 
   5
  67  256  350  752  801 
   1    1    1    1    1 
   3
 124  714  943 
   1    1    1 
  12
  56  113  299  350  425  448  537  686  791  852  879  907 
   1    1    1    1    1    1    1    1    1    1    1    1 
  10
 234  339  468  536  568  648  790  885  935  976 
   1    1    1    1    1    1    1    1    1    1 
   5
 120  266  322  428  918 
   1    1    1    1    1 
   5
 213  442  572  838  938 
   1    1    1    1    1 
   7
 178  426  452  519  521  657  978 
   1    1    1    1    1    1    1 
   4
 328  331  800  885 
   1    1    1    1 
   8
   7  106  311  344  542  706  925  978 
   1    1    1    1    1    1    1    1 
   4
  42  394  925  971 
   1    1    1    1 
   8
  53  119  172  212  377  596  679  993 
   1    1    1    1    1    1    1    1 
   8
 178  206  235  310  361  668  709  964 
   1    1    1    1    1    1    1    1 
   7
  51  184  235  251  668  795  895 
   1    1    1    1    1    1    1 
   7
  11  311  340  604  788  836  922 
   1    1    1    1    1    1    1 
   6
 120  433  487  639  659  925 
   1    1    1    1    1    1 
   2
 661  997 
   1    1 
   5
  22  196  282  300  656 
   1    1    1    1    1 
   3
 503  904 1000 
   1    1    1 
   3
  12   17  860 
   1    1    1 
   6
  56   77  814  966  979  980 
   1    1    1    1    1    1 
   7
 143  214  481  501  731  835  976 
   1    1    1    1    1    1    1 
   2
  81  400 
   1    1 
   4
 327  351  489  875 
   1    1    1    1 
   6
  89  281  355  406  416  939 
   1    1    1    1    1    1 
   7
 202  268  464  559  737  818  958 
   1    1    1    1    1    1    1 
  11
   6  116  161  197  263  574  724  852  910  961  963 
   1    1    1    1    1    1    1    1    1    1    1 
   6
  20  333  463  690  807  851 
   1    1    1    1    1    1 
  10
 146  307  428  442  633  676  688  738  846  934 
   1    1    1    1    1    1    1    1    1    1 
   6
  13  466  732  761  778  867 
   1    1    1    1    1    1 
   6
  10  221  674  755  871  928 
   1    1    1    1    1    1 
   5
 459  602  812  832  911 
   1    1    1    1    1 
   7
  92  258  468  527  699  954  974 
   1    1    1    1    1    1    1 
   3
 371  833  926 
   1    1    1 
   3
 358  389  656 
   1    1    1 
   7
 159  546  563  569  690  763  848 
   1    1    1    1    1    1    1 
   4
 578  689  776  933 
   1    1    1    1 
   6
 179  382  433  455  744 1000 
   1    1    1    1    1    1 
   5
 400  526  646  660  855 
   1    1    1    1    1 
   4
   2  252  346  555 
   1    1    1    1 
  10
   9   82  118  157  328  410  440  522  597  959 
   1    1    1    1    1    1    1    1    1    1 
   7
   8  100  196  549  555  870  949 
   1    1    1    1    1    1    1 
   4
 216  324  448  969 
   1    1    1    1 
   5
 104  191  195  833  990 
   1    1    1    1    1 
   3
 276  409  744 
   1    1    1 
   9
   5  109  347  439  661  715  818  878  977 
   1    1    1    1    1    1    1    1    1 
   6
 569  771  786  820  830  970 
   1    1    1    1    1    1 
   3
  34  432  946 
   1    1    1 
   8
  63  120  197  224  386  645  772  808 
   1    1    1    1    1    1    1    1 
   5
 500  678  736  740  801 
   1    1    1    1    1 
   7
  52  262  347  444  485  694  750 
   1    1    1    1    1    1    1 
   3
 331  641  793 
   1    1    1 
   5
 419  429  595  847  854 
   1    1    1    1    1 
   3
 289  316  391 
   1    1    1 
   5
 382  755  918  927 1000 
   1    1    1    1    1 
   3
 581  910  983 
   1    1    1 
   7
  69   89  225  427  572  763  766 
   1    1    1    1    1    1    1 
   5
  85  347  680  719  955 
   1    1    1    1    1 
   6
  72  264  411  583  724  880 
   1    1    1    1    1    1 
   6
  63  245  352  385  473  815 
   1    1    1    1    1    1 
   6
  28  222  438  660  839  979 
   1    1    1    1    1    1 
   8
  77  302  371  457  528  686  741  822 
   1    1    1    1    1    1    1    1 
   1
 447 
   1 
   8
  29  146  199  275  364  377  427  755 
   1    1    1    1    1    1    1    1 
   9
  66  405  584  649  680  723  814  962  969 
   1    1    1    1    1    1    1    1    1 
   5
  96  570  790  813  866 
   1    1    1    1    1 
   6
 117  253  410  451  772  918 
   1    1    1    1    1    1 
   6
  10  307  310  731  839  881 
   1    1    1    1    1    1 
   4
 246  420  825  923 
   1    1    1    1 
   4
 212  400  677  963 
   1    1    1    1 
   1
 667 
   1 
   8
 117  196  201  292  501  692  749  894 
   1    1    1    1    1    1    1    1 
   3
  21   79  467 
   1    1    1 
   8
 166  174  245  606  662  806  935  950 
   1    1    1    1    1    1    1    1 
   6
 170  173  433  475  572  688 
   1    1    1    1    1    1 
   5
 171  331  484  551  580 
   1    1    1    1    1 
   6
  31   35  231  400  438  550 
   1    1    1    1    1    1 
   8
 166  200  268  291  414  508  547  749 
   1    1    1    1    1    1    1    1 
   5
 163  305  383  634  920 
   1    1    1    1    1 
   6
 164  189  444  544  852  997 
   1    1    1    1    1    1 
   9
  50  136  246  322  541  599  816  905  912 
   1    1    1    1    1    1    1    1    1 
   5
 365  610  627  641  656 
   1    1    1    1    1 
   3
  19  232  929 
   1    1    1 
   5
 108  684  708  828  961 
   1    1    1    1    1 
   6
  74  280  402  534  772  817 
   1    1    1    1    1    1 
   4
 354  520  566  911 
   1    1    1    1 
   6
  61  228  330  505  629  901 
   1    1    1    1    1    1 
   6
  22   75  384  446  702  948 
   1    1    1    1    1    1 
   5
 445  514  516  737  810 
   1    1    1    1    1 
   6
  68  473  555  566  656  969 
   1    1    1    1    1    1 
   9
  68   81  222  320  419  443  449  513  545 
   1    1    1    1    1    1    1    1    1 
   8
 291  315  469  624  629  644  832  977 
   1    1    1    1    1    1    1    1 
  10
  47  130  428  586  620  652  670  790  890  904 
   1    1    1    1    1    1    1    1    1    1 
   4
 217  383  845  943 
   1    1    1    1 
   4
 179  328  704  854 
   1    1    1    1 
   6
  13  132  556  714  720  928 
   1    1    1    1    1    1 
   8
 120  144  443  624  628  681  779  988 
   1    1    1    1    1    1    1    1 
   6
 179  451  525  553  610  936 
   1    1    1    1    1    1 
  11
 185  322  387  458  545  667  774  791  795  965  992 
   1    1    1    1    1    1    1    1    1    1    1 
   8
  68  117  144  436  484  618  942  977 
   1    1    1    1    1    1    1    1 
   6
 192  292  469  528  725  741 
   1    1    1    1    1    1 
   5
  32   81  201  250  974 
   1    1    1    1    1 
   4
 154  572  646  665 
   1    1    1    1 
   5
  75  101  679  879  938 
   1    1    1    1    1 
   4
 265  283  949  958 
   1    1    1    1 
   3
 131  931  987 
   1    1    1 
   8
  85  134  206  362  593  613  633  944 
   1    1    1    1    1    1    1    1 
   4
 261  416  490  858 
   1    1    1    1 
   5
  78  391  509  585  800 
   1    1    1    1    1 
   8
 101  138  165  226  606  730  741  933 
   1    1    1    1    1    1    1    1 
   7
 128  291  640  710  915  962  980 
   1    1    1    1    1    1    1 
   8
  13  122  184  186  339  344  363  906 
   1    1    1    1    1    1    1    1 
   7
 174  200  551  665  695  927  978 
   1    1    1    1    1    1    1 
   6
  91  199  298  631  670  951 
   1    1    1    1    1    1 
   4
 255  563  592  873 
   1    1    1    1 
   9
 206  486  594  651  667  721  920  925  927 
   1    1    1    1    1    1    1    1    1 
   3
 151  345  620 
   1    1    1 
   6
  67  205  237  753  805  879 
   1    1    1    1    1    1 
  11
  11   13  144  236  422  498  718  734  867  915  976 
   1    1    1    1    1    1    1    1    1    1    1 
  11
  25   32  157  295  306  336  420  498  599  605  898 
   1    1    1    1    1    1    1    1    1    1    1 
   7
 279  565  762  777  790  913  975 
   1    1    1    1    1    1    1 
   8
 149  433  440  523  543  569  747  778 
   1    1    1    1    1    1    1    1 
   4
  29  328  622  731 
   1    1    1    1 
   8
 123  171  172  313  365  718  813  842 
   1    1    1    1    1    1    1    1 
   7
 194  206  228  325  498  818  872 
   1    1    1    1    1    1    1 
   6
 263  339  410  419  655  867 
   1    1    1    1    1    1 
  11
  15   38  240  360  435  442  567  597  725  907  953 
   1    1    1    1    1    1    1    1    1    1    1 
   6
  16   75  275  493  559  771 
   1    1    1    1    1    1 
   8
 106  240  421  635  727  897  905  944 
   1    1    1    1    1    1    1    1 
   4
 351  356  410  609 
   1    1    1    1 
   6
 232  271  322  625  630  687 
   1    1    1    1    1    1 
  10
  32  110  220  301  375  590  593  792  841  853 
   1    1    1    1    1    1    1    1    1    1 
   4
  60  184  525  639 
   1    1    1    1 
   4
  24  121  865  902 
   1    1    1    1 
   6
  81  120  153  374  399  939 
   1    1    1    1    1    1 
   6
  58  429  436  576  711  801 
   1    1    1    1    1    1 
   4
  72  107  406  855 
   1    1    1    1 
   5
 269  629  717  976  983 
   1    1    1    1    1 
   7
 182  207  278  796  797  802  902 
   1    1    1    1    1    1    1 
  12
  47  131  197  227  247  322  447  488  565  622  784  820 
   1    1    1    1    1    1    1    1    1    1    1    1 
   9
 143  153  179  603  707  772  841  899  902 
   1    1    1    1    1    1    1    1    1 
   9
  87  250  251  266  461  468  582  817  882 
   1    1    1    1    1    1    1    1    1 
   6
 173  372  538  563  749  869 
   1    1    1    1    1    1 
   9
   7   95  352  357  372  374  387  534  613 
   1    1    1    1    1    1    1    1    1 
   1
 892 
   1 
   1
 301 
   1 
   2
 823  896 
   1    1 
   3
 242  815  945 
   1    1    1 
   8
 171  216  352  623  652  703  791  860 
   1    1    1    1    1    1    1    1 
   8
 179  223  304  557  563  693  733  884 
   1    1    1    1    1    1    1    1 
   3
 450  483  527 
   1    1    1 
   4
 184  477  793  890 
   1    1    1    1 
   7
 112  274  359  596  783  811  921 
   1    1    1    1    1    1    1 
   6
 253  399  422  439  612  980 
   1    1    1    1    1    1 
  10
  77  294  411  416  427  580  615  621  630  696 
   1    1    1    1    1    1    1    1    1    1 
  11
 284  327  348  357  390  541  661  699  728  752  886 
   1    1    1    1    1    1    1    1    1    1    1 
   9
  64  193  232  381  414  565  789  880  991 
   1    1    1    1    1    1    1    1    1 
  12
 164  206  283  348  366  575  592  598  741  773  893  915 
   1    1    1    1    1    1    1    1    1    1    1    1 
   8
  50  111  267  269  363  618  740  934 
   1    1    1    1    1    1    1    1 
   4
  66  228  347  834 
   1    1    1    1 
   8
  86  105  127  451  454  581  583  630 
   1    1    1    1    1    1    1    1 
   9
   6  111  257  588  620  656  874  961  964 
   1    1    1    1    1    1    1    1    1 
   8
 134  168  306  460  666  669  828  891 
   1    1    1    1    1    1    1    1 
   8
  13  175  196  335  459  566  770  860 
   1    1    1    1    1    1    1    1 
   6
  56  254  270  370  582  900 
   1    1    1    1    1    1 
   5
  33  155  383  517  670 
   1    1    1    1    1 
   6
  85  274  354  391  770  913 
   1    1    1    1    1    1 
   7
 150  436  457  503  703  780  819 
   1    1    1    1    1    1    1 
   4
 222  251  353  844 
   1    1    1    1 
   7
 141  218  333  380  461  491  977 
   1    1    1    1    1    1    1 
   6
 189  219  269  421  465  977 
   1    1    1    1    1    1 
   8
 249  279  647  729  740  812  891  990 
   1    1    1    1    1    1    1    1 
   8
   8   69  101  249  368  420  559  827 
   1    1    1    1    1    1    1    1 
   5
  40   68  163  600  729 
   1    1    1    1    1 
   9
  77  113  235  488  704  739  813  870  948 
   1    1    1    1    1    1    1    1    1 
   5
 298  508  689  851  897 
   1    1    1    1    1 
   8
  34  107  264  287  551  758  813  856 
   1    1    1    1    1    1    1    1 
   4
 231  457  799  948 
   1    1    1    1 
   9
  84  191  206  431  447  491  568  714  885 
   1    1    1    1    1    1    1    1    1 
   7
 119  294  384  420  579  738  807 
   1    1    1    1    1    1    1 
   7
 155  201  338  459  525  658  701 
   1    1    1    1    1    1    1 
   2
  92  334 
   1    1 
   9
   2  150  350  436  437  768  829  851  876 
   1    1    1    1    1    1    1    1    1 
   9
  91  311  411  426  463  710  732  759  833 
   1    1    1    1    1    1    1    1    1 
   4
  43  653  726  797 
   1    1    1    1 
   4
 303  424  571  644 
   1    1    1    1 
   9
 128  179  189  236  469  530  588  976  984 
   1    1    1    1    1    1    1    1    1 
   6
 239  258  342  411  819  888 
   1    1    1    1    1    1 
   1
 907 
   1 
  12
   9   58  175  271  294  522  563  791  808  905  924  973 
   1    1    1    1    1    1    1    1    1    1    1    1 
   6
 207  832  878  886  956  957 
   1    1    1    1    1    1 
   7
  40  539  598  794  796  899  982 
   1    1    1    1    1    1    1 
   5
 261  532  738  807  847 
   1    1    1    1    1 
   9
  87  244  420  472  550  807  897  940  986 
   1    1    1    1    1    1    1    1    1 
   3
  39  530  629 
   1    1    1 
   6
  29  139  308  741  761  978 
   1    1    1    1    1    1 
   6
 250  473  517  532  842  924 
   1    1    1    1    1    1 
   5
 137  278  589  660  973 
   1    1    1    1    1 
   5
  15  253  278  512  787 
   1    1    1    1    1 
   6
  97  245  314  570  678  980 
   1    1    1    1    1    1 
   7
  21  236  370  452  523  651  892 
   1    1    1    1    1    1    1 
   8
  18   24  353  371  587  741  747  883 
   1    1    1    1    1    1    1    1 
   5
  49  138  371  452  615 
   1    1    1    1    1 
   7
  17  139  198  446  610  830  958 
   1    1    1    1    1    1    1 
   7
 197  225  578  619  721  728  943 
   1    1    1    1    1    1    1 
   5
 127  254  507  612  885 
   1    1    1    1    1 
   9
  10  146  151  209  274  296  409  487  798 
   1    1    1    1    1    1    1    1    1 
   7
  51   76  115  128  489  624  674 
   1    1    1    1    1    1    1 
   6
 176  215  266  490  619  738 
   1    1    1    1    1    1 
   6
  84  102  397  464  479  690 
   1    1    1    1    1    1 
   7
 257  400  534  636  656  803  866 
   1    1    1    1    1    1    1 
   4
 223  537  635  783 
   1    1    1    1 
   5
 119  328  522  677  758 
   1    1    1    1    1 
   6
 296  591  693  805  824  841 
   1    1    1    1    1    1 
