  22
   2    3    4    5    6    7    8    9   12   21   25   26   27   43   49   51   53   56   58   78   81   97 
   1    1    1    1    1    1    1    1    1    1    1    1    1    1    1    1    1    1    1    1    1    1 
  21
   1    3    4    5    6    7    9   10   11   22   23   32   44   54   58   63   66   69   74   75   88 
   1    1    1    1    1    1    1    1    1    1    1    1    1    1    1    1    1    1    1    1    1 
  25
   1    2    4    5    6    7   10   12   13   17   30   31   33   38   45   46   54   55   70   75   79   83   86   93   97 
   1    1    1    1    1    1    1    1    1    1    1    1    1    1    1    1    1    1    1    1    1    1    1    1    1 
  33
   1    2    3    5    6    7    8   10   11   13   15   16   17   18   19   20   23   25   29   34   35   38   41   42   52   54   61   81   84   89   93   96   98 
   1    1    1    1    1    1    1    1    1    1    1    1    1    1    1    1    1    1    1    1    1    1    1    1    1    1    1    1    1    1    1    1    1 
  18
   1    2    3    4    6    7   11   12   18   23   34   36   37   46   50   70   84   98 
   1    1    1    1    1    1    1    1    1    1    1    1    1    1    1    1    1    1 
  17
   1    2    3    4    5    7    9   16   17   18   21   52   58   60   65   66   94 
   1    1    1    1    1    1    1    1    1    1    1    1    1    1    1    1    1 
  21
   1    2    3    4    5    6    8   13   19   26   27   28   32   39   50   56   62   66   68   72   74 
   1    1    1    1    1    1    1    1    1    1    1    1    1    1    1    1    1    1    1    1    1 
   4
   1    4    7   14 
   1    1    1    1 
   5
   1    2    6   15   77 
   1    1    1    1    1 
   8
   2    3    4   14   15   22   37   44 
   1    1    1    1    1    1    1    1 
   9
   2    4    5   21   28   74   78   92   99 
   1    1    1    1    1    1    1    1    1 
  12
   1    3    5   19   31   35   39   43   72   85   86   92 
   1    1    1    1    1    1    1    1    1    1    1    1 
   6
   3    4    7   14   16   76 
   1    1    1    1    1    1 
   7
   8   10   13   29   33   50   86 
   1    1    1    1    1    1    1 
  10
   4    9   10   20   22   36   41   47   59   95 
   1    1    1    1    1    1    1    1    1    1 
   7
   4    6   13   24   37   87   91 
   1    1    1    1    1    1    1 
   7
   3    4    6   61   64   69  100 
   1    1    1    1    1    1    1 
   7
   4    5    6   20   35   40   48 
   1    1    1    1    1    1    1 
  12
   4    7   12   24   28   29   34   42   44   49   64   82 
   1    1    1    1    1    1    1    1    1    1    1    1 
   7
   4   15   18   24   26   30   83 
   1    1    1    1    1    1    1 
   6
   1    6   11   25   36   95 
   1    1    1    1    1    1 
   7
   2   10   15   30   43   60   77 
   1    1    1    1    1    1    1 
   8
   2    4    5   27   38   42   55   69 
   1    1    1    1    1    1    1    1 
   3
  16   19   20 
   1    1    1 
   4
   1    4   21   51 
   1    1    1    1 
   6
   1    7   20   48   67   87 
   1    1    1    1    1    1 
   7
   1    7   23   46   80   96   98 
   1    1    1    1    1    1    1 
   6
   7   11   19   31   32   85 
   1    1    1    1    1    1 
   7
   4   14   19   40   76   84   97 
   1    1    1    1    1    1    1 
   9
   3   20   22   33   39   52   53   55   92 
   1    1    1    1    1    1    1    1    1 
   7
   3   12   28   45   80   82   99 
   1    1    1    1    1    1    1 
   8
   2    7   28   40   47   60   62  100 
   1    1    1    1    1    1    1    1 
  11
   3   14   30   41   45   47   53   57   59   91   95 
   1    1    1    1    1    1    1    1    1    1    1 
   5
   4    5   19   71   93 
   1    1    1    1    1 
   5
   4   12   18   63   67 
   1    1    1    1    1 
   8
   5   15   21   62   71   79   96   99 
   1    1    1    1    1    1    1    1 
   4
   5   10   16   80 
   1    1    1    1 
   7
   3    4   23   49   77   83   94 
   1    1    1    1    1    1    1 
   7
   7   12   30   48   51   56   82 
   1    1    1    1    1    1    1 
   7
  18   29   32   75   87   89  100 
   1    1    1    1    1    1    1 
   4
   4   15   33   68 
   1    1    1    1 
   3
   4   19   23 
   1    1    1 
   4
   1   12   22   57 
   1    1    1    1 
   3
   2   10   19 
   1    1    1 
   5
   3   31   33   59   90 
   1    1    1    1    1 
   3
   3    5   27 
   1    1    1 
   3
  15   32   33 
   1    1    1 
   3
  18   26   39 
   1    1    1 
   4
   1   19   38   73 
   1    1    1    1 
   5
   5    7   14   68   76 
   1    1    1    1    1 
   4
   1   25   39   67 
   1    1    1    1 
   3
   4    6   30 
   1    1    1 
   3
   1   30   33 
   1    1    1 
   3
   2    3    4 
   1    1    1 
   5
   3   23   30   57   65 
   1    1    1    1    1 
   3
   1    7   39 
   1    1    1 
   3
  33   43   55 
   1    1    1 
   6
   1    2    6   63   65   70 
   1    1    1    1    1    1 
   6
  15   33   45   61   73   78 
   1    1    1    1    1    1 
   3
   6   22   32 
   1    1    1 
   3
   4   17   59 
   1    1    1 
   4
   7   32   36   88 
   1    1    1    1 
   7
   2   35   58   64   79   90   91 
   1    1    1    1    1    1    1 
   3
  17   19   63 
   1    1    1 
   6
   6   55   58   71   72   85 
   1    1    1    1    1    1 
   3
   2    6    7 
   1    1    1 
   3
  26   35   51 
   1    1    1 
   3
   7   41   50 
   1    1    1 
   3
   2   17   23 
   1    1    1 
   3
   3    5   58 
   1    1    1 
   5
  34   36   65   73   89 
   1    1    1    1    1 
   4
   7   12   65   81 
   1    1    1    1 
   3
  49   59   71 
   1    1    1 
   3
   2    7   11 
   1    1    1 
   3
   2    3   40 
   1    1    1 
   3
  13   29   50 
   1    1    1 
   3
   9   22   38 
   1    1    1 
   3
   1   11   59 
   1    1    1 
   3
   3   36   63 
   1    1    1 
   4
  27   31   37   90 
   1    1    1    1 
   3
   1    4   72 
   1    1    1 
   4
  19   31   39   88 
   1    1    1    1 
   3
   3   20   38 
   1    1    1 
   3
   4    5   29 
   1    1    1 
   3
  12   28   65 
   1    1    1 
   3
   3   12   14 
   1    1    1 
   3
  16   26   40 
   1    1    1 
   3
   2   62   82 
   1    1    1 
   3
   4   40   71 
   1    1    1 
   3
  45   63   80 
   1    1    1 
   3
  16   33   63 
   1    1    1 
   3
  11   12   30 
   1    1    1 
   4
   3    4   34   94 
   1    1    1    1 
   3
   6   38   93 
   1    1    1 
   3
  15   21   33 
   1    1    1 
   3
   4   27   36 
   1    1    1 
   3
   1    3   29 
   1    1    1 
   3
   4    5   27 
   1    1    1 
   3
  11   31   36 
   1    1    1 
   3
  17   32   40 
   1    1    1 
