   9
   6   29   39   56   58   64   76   87   99 
   1    1    1    1    1    1    1    1    1 
   7
  39   43   45   62   68   91   98 
   1    1    1    1    1    1    1 
   5
   8   60   74   80   82 
   1    1    1    1    1 
   4
  14   63   67   90 
   1    1    1    1 
   8
   7   15   40   62   63   69   81   90 
   1    1    1    1    1    1    1    1 
   5
   1   23   27   52   69 
   1    1    1    1    1 
   8
   5   15   21   22   27   57   70   99 
   1    1    1    1    1    1    1    1 
   6
   3   41   42   55   82   84 
   1    1    1    1    1    1 
   4
  14   95   98   99 
   1    1    1    1 
   1
  72 
   1 
   6
  34   40   49   61   67   82 
   1    1    1    1    1    1 
   6
  21   54   57   78   87   98 
   1    1    1    1    1    1 
   4
  17   43   93   95 
   1    1    1    1 
   4
   4    9   69   90 
   1    1    1    1 
   8
   5    7   22   45   59   92   94  100 
   1    1    1    1    1    1    1    1 
   8
  19   60   69   76   78   83   87   90 
   1    1    1    1    1    1    1    1 
   4
  13   27   46   89 
   1    1    1    1 
   5
  24   27   46   54   69 
   1    1    1    1    1 
   6
  16   27   45   62   69   99 
   1    1    1    1    1    1 
   4
  31   39   45   65 
   1    1    1    1 
   4
   7   12   63   94 
   1    1    1    1 
   8
   7   15   26   35   41   48   51   53 
   1    1    1    1    1    1    1    1 
   7
   6   27   51   58   60   72   85 
   1    1    1    1    1    1    1 
   5
  18   31   53   58   67 
   1    1    1    1    1 
   6
  33   36   65   77   81   83 
   1    1    1    1    1    1 
   6
  22   47   63   75   85   91 
   1    1    1    1    1    1 
   8
   6    7   17   18   19   23   48   62 
   1    1    1    1    1    1    1    1 
   5
  56   73   75   83   95 
   1    1    1    1    1 
   4
   1   65   69   89 
   1    1    1    1 
   4
  46   50   51   69 
   1    1    1    1 
   7
  20   24   46   52   69   86   88 
   1    1    1    1    1    1    1 
   6
  42   43   45   61   77   82 
   1    1    1    1    1    1 
  12
  25   34   45   59   62   65   74   76   77   78   87   93 
   1    1    1    1    1    1    1    1    1    1    1    1 
   7
  11   33   38   39   67   80   92 
   1    1    1    1    1    1    1 
   4
  22   44   49   81 
   1    1    1    1 
   3
  25   39   70 
   1    1    1 
   3
  63   66   71 
   1    1    1 
   4
  34   57   83   93 
   1    1    1    1 
   9
   1    2   20   34   36   52   66   74   98 
   1    1    1    1    1    1    1    1    1 
   5
   5   11   70   84   85 
   1    1    1    1    1 
   7
   8   22   42   46   52   62   79 
   1    1    1    1    1    1    1 
   4
   8   32   41   46 
   1    1    1    1 
   7
   2   13   32   53   69   91   95 
   1    1    1    1    1    1    1 
   4
  35   68   92   95 
   1    1    1    1 
   8
   2   15   19   20   32   33   65   79 
   1    1    1    1    1    1    1    1 
  10
  17   18   30   31   41   42   47   52   87   99 
   1    1    1    1    1    1    1    1    1    1 
   6
  26   46   52   73   92  100 
   1    1    1    1    1    1 
   3
  22   27   92 
   1    1    1 
   6
  11   35   76   78   87   88 
   1    1    1    1    1    1 
   4
  30   53   67   69 
   1    1    1    1 
   6
  22   23   30   69   93   98 
   1    1    1    1    1    1 
   8
   6   31   39   41   46   47   65   68 
   1    1    1    1    1    1    1    1 
   8
  22   24   43   50   62   74   86  100 
   1    1    1    1    1    1    1    1 
   7
  12   18   63   72   90   92  100 
   1    1    1    1    1    1    1 
   2
   8   56 
   1    1 
   8
   1   28   55   74   78   90   92   96 
   1    1    1    1    1    1    1    1 
   6
   7   12   38   71   76   82 
   1    1    1    1    1    1 
   6
   1   23   24   81   83   93 
   1    1    1    1    1    1 
   3
  15   33   91 
   1    1    1 
   5
   3   16   23   68   85 
   1    1    1    1    1 
   4
  11   32   67   69 
   1    1    1    1 
   9
   2    5   19   27   33   41   53   77   89 
   1    1    1    1    1    1    1    1    1 
   8
   4    5   21   26   37   54   64   97 
   1    1    1    1    1    1    1    1 
   4
   1   63   74   77 
   1    1    1    1 
  11
  20   25   29   33   45   52   71   80   83   86   92 
   1    1    1    1    1    1    1    1    1    1    1 
   5
  37   39   92   94   99 
   1    1    1    1    1 
   9
   4   11   24   34   50   61   73   85   97 
   1    1    1    1    1    1    1    1    1 
   7
   2   44   52   60   72   76   77 
   1    1    1    1    1    1    1 
  17
   5    6   14   16   18   19   29   30   31   43   50   51   61   83   87   90   91 
   1    1    1    1    1    1    1    1    1    1    1    1    1    1    1    1    1 
   5
   7   36   40   86  100 
   1    1    1    1    1 
   3
  37   57   65 
   1    1    1 
   5
  10   23   54   68   85 
   1    1    1    1    1 
   3
  28   47   67 
   1    1    1 
   7
   3   33   39   53   56   64   96 
   1    1    1    1    1    1    1 
   5
  26   28   81   87   95 
   1    1    1    1    1 
   7
   1   16   33   49   57   68   84 
   1    1    1    1    1    1    1 
   7
  25   32   33   62   64   68   91 
   1    1    1    1    1    1    1 
   5
  12   16   33   49   56 
   1    1    1    1    1 
   3
  41   45   91 
   1    1    1 
   4
   3   34   65   97 
   1    1    1    1 
   6
   5   25   35   58   75   83 
   1    1    1    1    1    1 
   7
   3    8   11   32   57   86   91 
   1    1    1    1    1    1    1 
   9
  16   25   28   38   58   65   69   81   94 
   1    1    1    1    1    1    1    1    1 
   4
   8   40   76   86 
   1    1    1    1 
   8
  23   26   40   60   67   72   94   98 
   1    1    1    1    1    1    1    1 
   6
  31   53   65   70   82   84 
   1    1    1    1    1    1 
   9
   1   12   16   33   46   49   69   75   98 
   1    1    1    1    1    1    1    1    1 
   3
  31   49   99 
   1    1    1 
   5
  17   29   62   91   93 
   1    1    1    1    1 
   8
   4    5   14   16   54   56   69   98 
   1    1    1    1    1    1    1    1 
   9
   2   26   43   59   69   77   79   82   89 
   1    1    1    1    1    1    1    1    1 
   9
  15   34   44   47   48   54   56   65   66 
   1    1    1    1    1    1    1    1    1 
   6
  13   33   38   51   58   89 
   1    1    1    1    1    1 
   5
  15   21   66   83   85 
   1    1    1    1    1 
   6
   9   13   28   43   44   75 
   1    1    1    1    1    1 
   2
  56   74 
   1    1 
   3
  63   67   80 
   1    1    1 
   8
   2    9   12   39   51   85   87   90 
   1    1    1    1    1    1    1    1 
   7
   1    7    9   19   46   66   88 
   1    1    1    1    1    1    1 
   5
  15   47   53   54   70 
   1    1    1    1    1 
