  22
   2    3    4    5    6    7    8    9   12   21   25   26   27   43   49   51   53   56   58   78   81   97 
  10    4    8    5    7    5    6    8    7    3    7    6    1    2    7    2    6    8    2    6    1    7 
  21
   1    3    4    5    6    7    9   10   11   22   23   32   44   54   58   63   66   69   74   75   88 
  10    1    1    7    1    7    9    2    1    3    7    5    3    1    7    2    3   10    9    7    2 
  25
   1    2    4    5    6    7   10   12   13   17   30   31   33   38   45   46   54   55   70   75   79   83   86   93   97 
   4    1    8    2    5    3    2   10    4    9    7    6    6    2   10    1    8    5    8    9    2    2    7    5    8 
  33
   1    2    3    5    6    7    8   10   11   13   15   16   17   18   19   20   23   25   29   34   35   38   41   42   52   54   61   81   84   89   93   96   98 
   8    1    8    6    9   10    9    2    1    5    9    6    7   10    5    8    6    4    6    8    1   10    2    8    8   10    8    6    2    9   10    2    9 
  18
   1    2    3    4    6    7   11   12   18   23   34   36   37   46   50   70   84   98 
   5    7    2    6    2    7    6    8    2    6    6    7   10    2    9    5    4   10 
  17
   1    2    3    4    5    7    9   16   17   18   21   52   58   60   65   66   94 
   7    1    5    9    2    3    9    5    3    3    5    2    2    9    3    8   10 
  21
   1    2    3    4    5    6    8   13   19   26   27   28   32   39   50   56   62   66   68   72   74 
   5    7    3   10    7    3    6    3    3    6    9    4    2    3    8    1    3    8    4    8    4 
   4
   1    4    7   14 
   6    9    6    8 
   5
   1    2    6   15   77 
   8    9    9    8    1 
   8
   2    3    4   14   15   22   37   44 
   2    2    2    2    4    1    1    9 
   9
   2    4    5   21   28   74   78   92   99 
   1    1    6   10    8    4    4    3    8 
  12
   1    3    5   19   31   35   39   43   72   85   86   92 
   7   10    8    2    4    3    1    7    4    6    6    8 
   6
   3    4    7   14   16   76 
   4    5    3    8    1    4 
   7
   8   10   13   29   33   50   86 
   8    2    8    8    4    9    7 
  10
   4    9   10   20   22   36   41   47   59   95 
   9    8    4    2   10    8    2    4   10    8 
   7
   4    6   13   24   37   87   91 
   6    5    1    2   10    9    9 
   7
   3    4    6   61   64   69  100 
   9    7    3   10    6    3    2 
   7
   4    5    6   20   35   40   48 
  10    2    3    6    5    9    3 
  12
   4    7   12   24   28   29   34   42   44   49   64   82 
   5    3    2   10   10    8    5    1    9    8    3    2 
   7
   4   15   18   24   26   30   83 
   8    2    6    4    3    7    2 
   6
   1    6   11   25   36   95 
   3    5   10    1   10    4 
   7
   2   10   15   30   43   60   77 
   3    1   10   10    5    9    3 
   8
   2    4    5   27   38   42   55   69 
   7    6    6    1    6    7    1    2 
   3
  16   19   20 
   2   10    4 
   4
   1    4   21   51 
   7    4    1    1 
   6
   1    7   20   48   67   87 
   6    6    3    4    1    4 
   7
   1    7   23   46   80   96   98 
   1    9    1    2    5    8    3 
   6
   7   11   19   31   32   85 
   4    8   10    7    5    3 
   7
   4   14   19   40   76   84   97 
   6    8    8    1    2   10    3 
   9
   3   20   22   33   39   52   53   55   92 
   7    7   10    4    4    1    9    3    8 
   7
   3   12   28   45   80   82   99 
   6    4    7    1    9    7    4 
   8
   2    7   28   40   47   60   62  100 
   5    2    5    4    3    5    6    7 
  11
   3   14   30   41   45   47   53   57   59   91   95 
   6    4    4    1    7    4    9    6    3    9    5 
   5
   4    5   19   71   93 
   8    6    5   10    5 
   5
   4   12   18   63   67 
   1    3    5    8    9 
   8
   5   15   21   62   71   79   96   99 
   7    8   10    8    4    8    6    3 
   4
   5   10   16   80 
  10    1   10    4 
   7
   3    4   23   49   77   83   94 
   2   10    6    3    7    3    5 
   7
   7   12   30   48   51   56   82 
   3    1    4    5    7    5    5 
   7
  18   29   32   75   87   89  100 
   9    1    4    8    8    4    6 
   4
   4   15   33   68 
   2    2    1    7 
   3
   4   19   23 
   8    1    7 
   4
   1   12   22   57 
   2    7    5   10 
   3
   2   10   19 
   3    9    9 
   5
   3   31   33   59   90 
  10    1    7    7    7 
   3
   3    5   27 
   1    2    2 
   3
  15   32   33 
   4    3    4 
   3
  18   26   39 
   3    4    5 
   4
   1   19   38   73 
   7    8    3    2 
   5
   5    7   14   68   76 
   9    8    9    3    7 
   4
   1   25   39   67 
   2    1    7    8 
   3
   4    6   30 
   8    2    1 
   3
   1   30   33 
   6    9    9 
   3
   2    3    4 
   1    8   10 
   5
   3   23   30   57   65 
   5    1    3    3   10 
   3
   1    7   39 
   8    1    5 
   3
  33   43   55 
   6   10    3 
   6
   1    2    6   63   65   70 
   2    7    2    5    5    7 
   6
  15   33   45   61   73   78 
  10    3    7   10    1   10 
   3
   6   22   32 
   9    9    5 
   3
   4   17   59 
   8   10   10 
   4
   7   32   36   88 
   3    6    8    1 
   7
   2   35   58   64   79   90   91 
   2    8    5    1    2    4    3 
   3
  17   19   63 
   6    3    1 
   6
   6   55   58   71   72   85 
   3   10    5    1    6    5 
   3
   2    6    7 
   3    8    8 
   3
  26   35   51 
   1    9    8 
   3
   7   41   50 
   4    7    3 
   3
   2   17   23 
  10    3    2 
   3
   3    5   58 
   8    5    7 
   5
  34   36   65   73   89 
  10    4    1    2   10 
   4
   7   12   65   81 
   8    4    6    3 
   3
  49   59   71 
   2    1    2 
   3
   2    7   11 
   9    4    4 
   3
   2    3   40 
   7    9    8 
   3
  13   29   50 
   4    2    7 
   3
   9   22   38 
   1    3    7 
   3
   1   11   59 
   6    4   10 
   3
   3   36   63 
   2    8    2 
   4
  27   31   37   90 
   5    9    4   10 
   3
   1    4   72 
   1    6    3 
   4
  19   31   39   88 
   2    7    5    4 
   3
   3   20   38 
   2    2    3 
   3
   4    5   29 
   2    4   10 
   3
  12   28   65 
   6    3    5 
   3
   3   12   14 
   7    6    7 
   3
  16   26   40 
   9    4    8 
   3
   2   62   82 
   2    1    4 
   3
   4   40   71 
   9    4   10 
   3
  45   63   80 
   7    4   10 
   3
  16   33   63 
   9    9    3 
   3
  11   12   30 
   3    8    8 
   4
   3    4   34   94 
   5   10    5    6 
   3
   6   38   93 
  10    5    6 
   3
  15   21   33 
   8    4    5 
   3
   4   27   36 
   2    8    6 
   3
   1    3   29 
   7    8    3 
   3
   4    5   27 
   9   10    3 
   3
  11   31   36 
   8    4    3 
   3
  17   32   40 
   2    7    6 
