   9
   6   29   39   56   58   64   76   87   99 
  10    9    1    8    7    2    8    4    7 
   7
  39   43   45   62   68   91   98 
   6    8    1    4    7    1    5 
   5
   8   60   74   80   82 
   1    5    9    6    3 
   4
  14   63   67   90 
   8    7    2   10 
   8
   7   15   40   62   63   69   81   90 
   4    8    4    8    8    9    8    2 
   5
   1   23   27   52   69 
  10    9    7    2   10 
   8
   5   15   21   22   27   57   70   99 
   4    5    6    1    3    8    7    8 
   6
   3   41   42   55   82   84 
   1    3    2    4   10    3 
   4
  14   95   98   99 
   1   10    6    3 
   1
  72 
   2 
   6
  34   40   49   61   67   82 
   9    5    3    6    1    5 
   6
  21   54   57   78   87   98 
   7    9    8    9    4    8 
   4
  17   43   93   95 
   7    4    9    9 
   4
   4    9   69   90 
   8    1    1    8 
   8
   5    7   22   45   59   92   94  100 
   8    5    5    9    4    2    9    4 
   8
  19   60   69   76   78   83   87   90 
   2    2    7    1    9    8    7    2 
   4
  13   27   46   89 
   7   10    3    7 
   5
  24   27   46   54   69 
   2    7    5    1    1 
   6
  16   27   45   62   69   99 
   2    3    7    6    2    9 
   4
  31   39   45   65 
   6    7    3    6 
   4
   7   12   63   94 
   6    7   10    4 
   8
   7   15   26   35   41   48   51   53 
   1    5    5    2    8    5    7    6 
   7
   6   27   51   58   60   72   85 
   9    6    6   10    5    1    5 
   5
  18   31   53   58   67 
   2    8    6    6    8 
   6
  33   36   65   77   81   83 
   9    2    3    2    5    1 
   6
  22   47   63   75   85   91 
   5    6   10    1    7    6 
   8
   6    7   17   18   19   23   48   62 
   7    3   10    7    3    6   10    5 
   5
  56   73   75   83   95 
  10    2    3    9    9 
   4
   1   65   69   89 
   9    1    2    6 
   4
  46   50   51   69 
   3   10    6    4 
   7
  20   24   46   52   69   86   88 
   6    8    2   10    3    4    1 
   6
  42   43   45   61   77   82 
   8    6   10    4    7    3 
  12
  25   34   45   59   62   65   74   76   77   78   87   93 
   9    2    2    7    1    4    9    5    2    5    9    4 
   7
  11   33   38   39   67   80   92 
   9    2    1   10    1    8    4 
   4
  22   44   49   81 
   2    5    1    6 
   3
  25   39   70 
   2    8    8 
   3
  63   66   71 
   1    4    9 
   4
  34   57   83   93 
   1    7    8    8 
   9
   1    2   20   34   36   52   66   74   98 
   1    6    7   10    8    4    2    1    4 
   5
   5   11   70   84   85 
   4    5    3    2   10 
   7
   8   22   42   46   52   62   79 
   3    8    9    8    7    3   10 
   4
   8   32   41   46 
   2    8    9    2 
   7
   2   13   32   53   69   91   95 
   8    4    6    3    4    3    3 
   4
  35   68   92   95 
   5    5   10    3 
   8
   2   15   19   20   32   33   65   79 
   1    9    7    3   10    2    9    3 
  10
  17   18   30   31   41   42   47   52   87   99 
   3    5    3    2    8    2    3    4    8   10 
   6
  26   46   52   73   92  100 
   6    3    1    1    6    3 
   3
  22   27   92 
   5   10    3 
   6
  11   35   76   78   87   88 
   3    1    6    8    4    3 
   4
  30   53   67   69 
  10    1    7    3 
   6
  22   23   30   69   93   98 
   7    6    6    4    2    5 
   8
   6   31   39   41   46   47   65   68 
   2   10    4    7    4    1    1    3 
   8
  22   24   43   50   62   74   86  100 
   6    6    3    1    5    8    6    2 
   7
  12   18   63   72   90   92  100 
   9    1   10    7    5    5    7 
   2
   8   56 
   4    6 
   8
   1   28   55   74   78   90   92   96 
   8   10    6   10   10    9    7    8 
   6
   7   12   38   71   76   82 
   8    8    7    8   10    8 
   6
   1   23   24   81   83   93 
   7   10    6    3    4    1 
   3
  15   33   91 
   4    7    2 
   5
   3   16   23   68   85 
   5    2    5    9    4 
   4
  11   32   67   69 
   6    4    2    5 
   9
   2    5   19   27   33   41   53   77   89 
   4    8    6    5    1    3    5   10    4 
   8
   4    5   21   26   37   54   64   97 
   7    8   10   10    1   10   10   10 
   4
   1   63   74   77 
   2   10    5    3 
  11
  20   25   29   33   45   52   71   80   83   86   92 
   6    3    1    4    9    1    9    2    7    2    6 
   5
  37   39   92   94   99 
   4    2    7   10    3 
   9
   4   11   24   34   50   61   73   85   97 
   2    1    8    1    7    2    6    1    5 
   7
   2   44   52   60   72   76   77 
   7    5    3    9    8    3    7 
  17
   5    6   14   16   18   19   29   30   31   43   50   51   61   83   87   90   91 
   9   10    1    7    1    2    2    4    3    4    3    4    5    3    2    4    7 
   5
   7   36   40   86  100 
   7    8    3    1    6 
   3
  37   57   65 
   9    8    9 
   5
  10   23   54   68   85 
   2    1    7    8    8 
   3
  28   47   67 
   2    1    6 
   7
   3   33   39   53   56   64   96 
   9    9    1    8   10    5    5 
   5
  26   28   81   87   95 
   1    3    1    7    8 
   7
   1   16   33   49   57   68   84 
   8    1    5    6   10    3    8 
   7
  25   32   33   62   64   68   91 
   2    7    2   10    3    7    5 
   5
  12   16   33   49   56 
   9    9    5    8   10 
   3
  41   45   91 
  10    3    2 
   4
   3   34   65   97 
   6    8    2   10 
   6
   5   25   35   58   75   83 
   8    5    6    3    1   10 
   7
   3    8   11   32   57   86   91 
   3   10    5    3    8    2    2 
   9
  16   25   28   38   58   65   69   81   94 
   8    1    9    8    4    7    3   10    7 
   4
   8   40   76   86 
   3    2    8    9 
   8
  23   26   40   60   67   72   94   98 
   5    7   10    4    1    8    4    2 
   6
  31   53   65   70   82   84 
   4    6    2    1    2    9 
   9
   1   12   16   33   46   49   69   75   98 
   4    4    7    9    8    4    2    7    8 
   3
  31   49   99 
   1    3    8 
   5
  17   29   62   91   93 
   7    6    4    3    4 
   8
   4    5   14   16   54   56   69   98 
  10    2    8    2    5    9    4    6 
   9
   2   26   43   59   69   77   79   82   89 
   1    6    3    2    7    5    2    2    3 
   9
  15   34   44   47   48   54   56   65   66 
   2    4   10    6    3    5    7    6    7 
   6
  13   33   38   51   58   89 
   9    4    8    2    1    4 
   5
  15   21   66   83   85 
   9    4   10    7    4 
   6
   9   13   28   43   44   75 
  10    9    9    3    3    8 
   2
  56   74 
   8    5 
   3
  63   67   80 
  10    5   10 
   8
   2    9   12   39   51   85   87   90 
   5    6    8    4    5    2    8    6 
   7
   1    7    9   19   46   66   88 
   7    8    3    9   10    3    8 
   5
  15   47   53   54   70 
   4    3    2    7    6 
