   6
   3   15   28   39   50   90 
  10    6    8    4    1    5 
   6
   5    8   10   16   26   63 
   4    1    8    1    9    3 
   6
   1   11   28   37   41   95 
  10    1    9    2    3    9 
   6
  41   45   67   69   70   71 
  10    3    9    3    8    8 
   6
   2   11   21   51   79   81 
   4    8    2    4    8    3 
   6
  13   31   35   46   49   58 
   7    2    8    6    3    8 
   6
  14   45   48   54   67  100 
   2    1    6    7   10    8 
   6
   2   39   43   44   72   90 
   1    6    3    2    2    9 
   6
  11   17   22   44   57   61 
   5    9    5    6    4   10 
   6
   2   15   30   45   47   63 
   8    7    2   10    4    1 
   6
   3    5    9   80   82   94 
   1    8    5    1    8    9 
   6
  24   40   80   95   96   98 
   7    1    3    4    9    8 
   6
   6   16   32   35   91   97 
   7    5    1    4    2    5 
   6
   7   32   88   90   97  100 
   2    6    7    4   10    4 
   6
   1   10   37   69   79   96 
   6    7    8    4    2    9 
   6
   2   13   30   40   71   99 
   1    5    2    9    9    7 
   6
   9   25   31   77   88   89 
   9   10    1    3    1   10 
   6
  25   42   64   66   68   79 
   7    3    4    2    2    8 
   6
  44   67   76   85   91   93 
   3    1    3    8    7    3 
   6
  25   26   46   51   63  100 
   3    6    2    8    4    3 
   6
   5   25   61   71   86   94 
   2    6   10    2    2    4 
   6
   9   28   35   76   81   82 
   5    9    5    2    8    4 
   6
  24   45   52   78   85   94 
   3    7    6    5    4    8 
   6
  12   23   36   62   66   73 
   7    3    8    2    7    9 
   6
  17   18   20   21   34   38 
  10    7    3    6   10    8 
   6
   2   20   43   54   65   88 
   9    6    2   10    1    3 
   6
  37   39   68   87   89   92 
   9    5    4    9    2    3 
   6
   1    3   22   43   61   74 
   8    9    9    8    1    5 
   6
  33   45   47   66   72   84 
   7    6    7    5    1    5 
   6
  10   16   44   47   49   75 
   2    2    5    4    1    1 
   6
   6   17   40   41   58   69 
   2    1    7    2    6    5 
   6
  13   14   55   70   93  100 
   1    6    4    3    5    2 
   6
  29   71   74   76   88   95 
   7    1    1    7    7   10 
   6
  25   35   60   62   83   87 
  10    3    5   10    3    8 
   6
   6   13   22   34   67   78 
   8    4    5    3    7    8 
   6
  24   48   56   65   79   82 
   8    6    2    8    5    7 
   6
   3   15   27   42   51   93 
   2    8    9    5   10    7 
   6
  25   55   72   75   77   95 
   8    7    6    5    7    7 
   6
   1    8   27   47   69   73 
   4    6    5    1    7    1 
   6
  12   16   31   49   89   94 
   1    9    7    9    8    2 
   6
   3    4   31   53   70   71 
   3   10    2    7    9    7 
   6
  18   37   54   56   75   83 
   3    5    6    5    6    2 
   6
   8   26   28   44   57   78 
   3    2    8   10    4   10 
   6
   8    9   19   30   43   78 
   2    6    3    5   10   10 
   6
   4    7   10   23   29   46 
   3    1   10    7    6   10 
   6
   6   20   45   60   76   96 
   6    2   10    7    2    3 
   6
  10   29   30   39   60  100 
   4    7    4    1    8    7 
   6
   7   36   65   74   75   78 
   6    6    1    3   10    3 
   6
   6   30   40   52   67   72 
   3    1    9    8    1    9 
   6
   1   58   67   78   80   85 
   1    5    2    6   10    6 
   6
   5   20   37   52   56   83 
   4    8   10    8    6    8 
   6
  23   49   51   66   91   98 
   6    8    8    3    5    4 
   6
  41   55   59   84   95   99 
   7    5    1    7    4    8 
   6
   7   26   42   64   74  100 
   7   10    6    2    8    6 
   6
  32   38   53   68   81   86 
   4    7    5    3    8    9 
   6
  36   42   51   59   61   66 
   2    5    6    3   10    9 
   6
   9   43   63   84   86   88 
   4    4    9   10    4    6 
   6
   6   31   50   62   68   71 
   8    6    5    6    4    8 
   6
  53   56   63   77   92   99 
   1    3    1    9    2    3 
   6
  34   46   47   80   85   86 
   5    7    8    5    2    4 
   6
   9   21   28   56   73   82 
  10   10    1   10    8    3 
   6
  24   34   58   64   73   82 
   2   10    6    2   10   10 
   6
   2   10   20   57   59   79 
   3    1    4    9    1    6 
   6
  18   54   62   65   79   92 
   4    2    2    7    3    4 
   6
  26   36   48   64   76   99 
   1    8    1    7   10    9 
   6
  18   24   29   52   56   86 
   2    7    5    3    9    7 
   6
   4    7   19   35   49   50 
   9   10    1    7    1    2 
   6
  18   27   55   58   96   97 
   2    4    3    4    3    5 
   6
   4   15   31   39   85   94 
   3    4    5    7    1    1 
   6
   4   32   41   81   90   97 
   8    3    9    1    1   10 
   6
   4   16   21   33   41   58 
   8    9    2    1    7    8 
   6
   8   29   38   49   97   98 
   2    1    6    9    5    5 
   6
  24   39   61   62   77   84 
   9    1    8   10    9    4 
   6
  28   33   48   54   84   98 
   5    1    3    8    1    2 
   6
  30   38   42   48   89   92 
   1    5    6   10    2   10 
   6
  19   22   33   46   65   91 
   3    2    7    2   10    2 
   6
  17   38   59   73   81   90 
   3    7    9    9    9    6 
   6
  23   35   43   44   48   50 
   5    8   10   10    3    6 
   6
   5   15   18   36   63   64 
   8    2    8    5    6    3 
   6
  11   12   50   60   88   94 
   1    3   10    5    4    4 
   6
   5   22   55   70   77   99 
   3    8    8    1    9   10 
   6
  11   22   36   61   62   87 
   8    4    7    3   10    4 
   6
  34   42   51   87   93   97 
   3    2    8    2    6    6 
   6
  29   53   57   73   74   92 
   5    7   10    4    1    6 
   6
  19   23   50   60   69   90 
   8    4    6    2    1    3 
   6
  21   55   57   60   66   91 
   2    9    4    4    7    2 
   6
  27   34   82   83   96   98 
   9    8    4    2    8    8 
   6
  14   17   26   33   57   80 
   7    1    3    7    6    4 
   6
  17   27   40   75   93   98 
  10    2    8    2    7    6 
   6
   1    8   14   70   77   85 
   5    9    4    1    6    3 
   6
  13   19   52   76   86   96 
   2    7    5    2    2    8 
   6
  27   59   64   75   84   99 
   3    2    4   10    6    3 
   6
  19   32   37   83   89   95 
   3    5    7    6    7   10 
   6
  11   21   23   40   69   80 
   9    4    8    2    1    4 
   6
   3   12   33   38   53   93 
   9    4   10    7    4   10 
   6
  12   15   46   68   87   91 
   9    9    3    3    8    8 
   6
  13   14   68   70   72   83 
   5   10    5   10    5    6 
   6
  12   52   72   74   87   89 
   8    4    5    2    8    6 
   6
  16   53   59   65   81   92 
   7    8    3    9   10    3 
   6
   7   14   20   32   47   54 
   8    4    3    2    7    6 
